X1,X2,X3,X4,X5,X6,X7,X8,X9,X10,X11,X12,X13,X14,X15,X16,X17,X18,X19,X20,X21,X22,X23,X24,X25,X26,Y
-0.04499056226252518,-0.35654261808708987,1.4698814608830473,-0.14782239774495787,0.041040956796346784,-0.17452321957865102,-0.07028820175928141,0.03186605785150154,0.10122099464645862,-0.10410766571816776,-0.20516508585585824,-0.10397922481219968,-0.11947116708294736,-0.021268162424312065,-0.09811044574139427,-0.6756993484527138,-0.08362543743286688,0.12174769458944756,-0.19732444350778255,0.2232477672448694,-0.2512779050923466,0.2311778901540591,-0.18095092470593166,-0.300331924419458,-0.07847743989518874,-0.06098222310664447,-0.944029041799662
0.04868572631739565,-0.3273098898533442,1.4524195223473337,-0.234707231751904,-0.03794302346335077,-0.16444794969636323,-0.09665436740258437,-0.027654668314663233,0.0620518757434394,-0.22135043933329845,-0.11392362739879947,-0.11161915384531307,-0.17321864140105225,0.09119830837328835,-0.12225128367083282,-0.5013131576108316,-0.15192432857002258,-0.056189450144204955,-0.20762059862062177,0.24853073155794614,-0.3513210640854588,0.017605968062133215,-0.03016836144304469,-0.30836183498149916,-0.13515398230210285,0.2961427135948427,-0.9486337694122372
0.09839561743691982,-0.23445446516084978,1.5124878034032831,-0.22860828836141645,-0.07814105887244083,-0.13884504361050642,-0.15118400135722743,0.025584987375962376,0.09871133165472634,-0.059603865679076606,-0.21224670729197237,-0.1306292902792684,-0.1647661399640471,0.07616559529218869,-0.11717792699123364,-0.6975660295690913,-0.05004119954950703,0.09747630660224593,-0.1968324025904734,0.5840759334557404,-0.0875549344264328,0.011188706553044936,-0.19462536910795192,-0.21877759943688124,-0.09396909087347105,0.04378354664871131,-0.9291950995421556
0.07440063668588448,-0.17687703046009695,1.5841916113330798,-0.28498374418057637,-0.14016807627845163,-0.18684474218620706,-0.05425421019391563,0.047348488779814124,0.05901600301910337,0.04527878520323125,-0.23017204882415276,-0.11293341628421827,-0.11859066684625885,0.12616774865224922,-0.0952208368193791,-0.6906913196254738,-0.06404421281175077,-0.0018281573667023876,-0.21783173406118306,0.4637644765100686,-0.19613410875323378,-0.01980371762259725,-0.20996031763554535,-0.1249291285556372,-0.07902314902095642,-0.0769711927756187,-0.9404875517216642
-0.02342543147357179,-0.07968268358810326,1.4735720689150567,-0.3419955133461031,-0.19252368603056502,-0.17876758410148463,-0.03044106801785218,-0.019431095820538702,0.13861259393128367,-0.026980328901012207,-0.21161882647323227,-0.07919416429270165,-0.032087073350747564,0.022871051701925937,-0.04684063276068273,-0.3343224885422671,-0.23003639449282598,0.3300436988986595,-0.21627368175554573,0.5073801996548843,-0.26070012121688935,-0.17628150764868056,-0.465339009564523,-0.11688821011283157,-0.134530404568602,0.3645644111883497,-0.7732430543217542
-0.12990203604283035,-0.13306325798756957,1.4690947294358652,-0.28676285874558516,-0.12316566303064347,-0.31772973857860487,-0.010064260472619324,0.00756909020031471,0.1724922246083076,0.0843130779287451,-0.15593469844228103,-0.16510273955764543,0.001833281749771487,0.01218483954585814,-0.08681483765501818,-0.26829161437468396,-0.18298292829990115,0.24886117555201093,-0.14963612395051884,0.5161307142108302,-0.17314779017706883,0.1517688163350217,-0.3420832699322881,-0.10971954128017714,-0.10932599564142143,-0.23505558866550091,-0.8830806299662629
-0.1465046960093147,-0.2089149575505329,1.4892824484832556,-0.2561762506126082,-0.09410513582586921,-0.32662886554473347,0.009073190571047496,-0.05442507416249509,0.08591591378447627,0.023263042624907193,0.067678663065591,-0.16849451027705342,0.0764466674729476,0.06443519073115578,-0.13970322358007425,-0.4338275888883095,-0.21087229590985246,0.21441802767614715,-0.1938482375764875,0.4763431044201982,-0.30962030276597063,-0.11601344989166207,-0.30319621119045403,-0.08572933136091165,-0.08223203611123953,0.12447806002458561,-0.9264441206422824
-0.12981470305607012,-0.2096197769855942,1.3576526653183354,-0.16224155376508542,-0.06128318522637777,-0.2663100144215551,0.007706654738623753,-0.0783787954963836,0.15246628695189446,0.14260097730292332,-0.21870919894461494,-0.1990074064528986,0.056341029583538704,0.04274337415764551,-0.13875585365224108,-0.2719499305023224,-0.19587021615605116,0.12442867362193466,-0.23733087852249612,0.3544354433781014,-0.22798296027007237,0.13274626545558554,-0.37394472085361075,-0.06663597590876902,-0.03235588805389056,0.20842888917115632,-0.6548205272828139
-0.1121542763354082,-0.22019696330407623,1.2560745278688494,-0.1032754243258216,-0.03833519529513807,-0.2271617698060464,0.02900832836514855,-0.03605667419756564,0.10397643754638541,0.18528959128026923,-0.2337443606994658,-0.20568164244107345,0.13473933669132832,-0.0008046025525251244,-0.12295113233607846,-0.21190140471039354,-0.2040660938615374,0.2526513908543253,-0.2458567264600604,0.40830181845309976,-0.28659756432346606,0.19656400000492646,-0.45286206648459915,-0.05644904498576464,-0.021918362185587514,0.18164721319977217,-0.5824057508107178
-0.07641481901968283,-0.2662790551655345,1.2729938436183805,-0.06589817162770395,-0.021657267198232577,-0.19639464601935586,0.06738461826131426,-0.030807675278681113,0.13132613639427193,0.21577277752657764,-0.16657814800676984,-0.2011564086052453,0.13810413702940671,0.025054541840179523,-0.11746772427518892,-0.011685921227724605,-0.19000398431416587,0.1413007491748941,-0.251433720846303,0.4065376681826185,-0.33359358113780546,0.1712440151383039,-0.46854094998809115,-0.04547082779573386,0.02425378071707418,0.17537037829477153,-0.8374641824325886
-0.04818784026920242,-0.2599406265418839,1.1679340533633646,-0.025614047169468246,-0.0186113140964711,-0.12407973679049333,0.029136870987974017,0.012608307296248178,0.19169710971935205,0.25435180394949963,-0.13276827279818226,-0.1488209441217334,0.22539391331967384,-0.07262623226990428,-0.08011352125471471,-0.14675837567788397,-0.34692972116522136,-0.08175524445931304,-0.2582340088411219,0.21799659490243317,-0.3465396959541762,0.30421223795155794,-0.5030703486567483,-0.010743329149405234,0.009294388124864383,0.22630052745990414,-0.8574917831303729
-0.002905538775398786,-0.26294826235420354,1.1454555788261787,-0.0251330378767034,-0.03681653594086998,-0.14758444857419784,0.11686393399170436,-0.06665148042605973,0.15825558307757492,0.1915373343745499,-0.033309071316828254,-0.09796528542675464,0.09364508834823981,-0.1762300132422121,-0.08082172414196886,0.01612923396873467,-0.06103239389230386,0.28518789612038176,-0.16548028300670525,0.35914869725676346,-0.22198932004593863,0.0972732799033067,-0.5201114226941463,-0.13966065272510186,0.1518138257750825,0.34412373149520126,-0.8751280875143305
0.09860030927806473,-0.2868616580835961,1.245353902773406,-0.015005755866458026,0.011068559723838467,-0.11381496433740868,0.02838178105812772,-0.13403224818182424,0.21869516903480668,0.2148353466421722,-0.2553946763002666,-0.051940722964817,0.10112755522331818,-0.13939193404190053,-0.14701931272638957,0.21373263325835312,0.0035937026870125344,0.24383772454869534,-0.07220035342123354,0.22758983629931606,-0.2819067764758617,0.13559064205487958,-0.5775237222659659,-0.15162216196758216,0.02406855623676951,0.05720438059571009,-0.9387089015708839
0.16619986448059798,-0.22010027054049164,1.3413097992436311,-0.048150690352789294,0.006057933238955648,-0.07950197401039849,0.0831353782787172,-0.11553127930220597,0.19782677285879124,0.23326385717697007,-0.1462640665295587,-0.08130595832868492,0.04678046196666252,-0.188094741039462,-0.18469008964394162,0.05103882745079136,0.10088149108630806,0.30864528558572935,-0.10060812750527726,0.4524304544695934,-0.35545241070478684,0.12115315326731046,-0.5753498785163045,-0.10243560775213612,0.10099820694716377,0.11110987597232125,-0.9509657773877044
0.1684228655554314,-0.0828748610303095,1.3484947753783634,-0.1136697192064553,-0.07118129841682885,-0.10138796508593839,0.0860902047580756,-0.05634057455445207,0.16452868997381143,0.1693485822428471,-0.146196508250115,-0.04929862358924597,-0.01677258687055283,-0.20938016584193309,-0.17323851131554668,0.06431497287573729,0.03560255794930978,0.1818129027982156,-0.18083780490378298,0.22617656579672185,-0.30987942601662954,0.0866656362057916,-0.4762200042396332,-0.042039322910607746,0.03818879058047209,0.26019867076696745,-0.943139716724272
0.06476209726414095,0.028166496102721927,1.239081244443518,-0.2669300394038665,-0.08636593099193479,-0.12021727703933227,0.0756562393475515,-0.10026249742397741,0.15096086386877183,0.15711286198768915,-0.300363258924622,-0.044397929874402386,-0.1313730491540105,-0.1846293488416909,-0.10791842920572758,-0.056806425956919426,-0.07217115476476743,0.22061357395133285,-0.19018593798299954,0.11248102984784958,-0.17407734503440464,0.3923564307136007,-0.2247572980972462,-0.03188237376139835,-0.003441396922479467,0.3529432013670295,-0.825476080416331
-0.0626084214422632,0.0014463092331096217,1.3415106982513056,-0.333443408188034,-0.026943489226822437,-0.21859978732722418,0.1098351677768199,-0.07297711396312456,0.01784587791140435,0.15510565008376598,-0.3036783273908349,-0.10371662609466392,-0.10745981713501596,-0.03779604272033266,-0.11264265434738374,0.010513780250507976,-0.17072499265148255,0.20059368233952513,-0.16156171951190856,0.04828591684349215,-0.5336791091623935,0.45561785996409254,-0.22540268816371123,-0.027906072205610033,-0.06706906298973236,0.08726502342691478,-0.8715312616538641
-0.15291402652154673,-0.07193880561882604,1.4047613977266624,-0.30872683152676705,0.03940079802736385,-0.29418544799106006,0.08253863515932958,-0.05550615772103584,0.013339824766042563,0.1648382217870381,-0.36445269412010783,-0.16410561681854618,-0.07387823489769485,0.08230469234768734,-0.13831728967556522,-0.08772608574865903,-0.013856744151279132,0.5861230571668992,-0.15251642892281225,0.3109658664529784,-0.30492010163219674,-0.04090766236912802,-0.46394680783881226,-0.07777758369208942,-0.0826335376453815,0.16792488003075423,-0.8222745101449264
-0.19512115242464634,-0.031212560320193483,1.2260242485591109,-0.32310225750073573,0.01663067197462187,-0.2665570634870621,0.09657944447655997,-0.12097875389100543,0.16257228869852725,0.09627858330617878,-0.2524148188315838,-0.19064761874398706,-0.0771009124297144,-0.15129828688167135,-0.16682919516861894,0.1807896698112057,-0.23157614536924764,0.2830950079484744,-0.25990857138398626,0.04782913852846038,-0.37620286944744374,0.2532815644436355,-0.3509587498800383,-0.10181922434423862,-0.08701663660223691,0.11693758702495827,-0.6497454455192546
-0.2088564419704534,0.015444514837536172,0.8369654847219494,-0.20139312278032695,-0.010647687723917776,-0.18959516937606058,0.24903198093291778,-0.18222575983178435,0.27902736896086333,0.08887585040859047,-0.0876200283670725,-0.22915141260459793,0.26896975207145357,-0.5035709150747623,-0.1293115320242485,0.17829446567787,-0.5437972466935317,0.22129298752983617,-0.35082169491080106,-0.09915159564022635,-0.14718944699912484,0.7558766018627596,-0.5299735889834137,-0.002761775063373939,-0.08581629801095869,0.5840066490498264,-0.2774660638491925
-0.2632604070462097,-0.07104161647189511,0.679135140661776,-0.23278959768682994,-0.011919571233264037,-0.1746594225751994,0.3156298089195526,-0.09606559241256296,0.2641153797486293,-0.02746346145903067,0.09248050604031643,-0.2689347775611779,0.35560429332369803,-0.510543339613783,-0.15225531209287912,0.5697193365294293,-0.44342481896453156,0.29945384982426737,-0.2945441118114658,-0.07758590882520622,-0.1428651172092994,0.6168093164585289,-0.5287313873507679,-0.06276657612100722,-0.1392315693361268,0.7724609230767483,-0.4937103966251497
-0.24070907637592232,-0.30968605402394045,0.6848064902914384,-0.15178311938101574,0.057142326449706626,-0.26386698051196134,0.15319425721219648,0.049493211640455836,0.2527067387469797,0.17047251101553051,-0.2825388122015924,-0.23869071106657036,0.3876764518925775,-0.14054996248719465,-0.08837958100450549,0.16174364409178565,-0.3583456183675876,-0.027315907678335805,-0.34880968778648314,-0.17466071096400793,-0.05263701712428959,0.7723020177513018,-0.36619636328581384,-0.10232378621176585,-0.23061499230446625,0.4907438920509608,-0.7514170406937373
-0.17508709233105624,-0.413517701380988,0.7180983527857667,-0.08360045633222035,0.13663595891593117,-0.2272602665360438,0.2888719478045054,0.03168913712522814,0.24236667268122591,0.13323726727571428,-0.07258421192883702,-0.14769514676840556,0.32335036375213777,-0.2604513555007746,-0.08092980705219566,0.5219235187249558,0.0028258567717900362,0.4804072329308202,-0.11686740807535956,0.22530206933862185,-0.06161109135377818,0.08444301962489731,-0.7759593915040854,-0.30660866088093686,-0.04335016560066507,0.7872590915462012,-0.8357250578407143
-0.010223222802028031,-0.5039329938909005,0.8429871190512539,0.021258067769627687,0.1992481977373226,-0.19480705734423776,0.2682561018728191,0.017169529990604504,0.34839859810255236,0.04684354498581311,0.004229024577765195,-0.10841312946503756,0.27609308698257706,-0.18654407987549837,-0.11276975469698325,0.5616582068296672,0.02094368561595128,-0.027691847562216876,-0.15120977623453336,-0.12665935431968034,-0.2531343089612025,0.39882704332119223,-0.40433270825598255,-0.2557242083042197,-0.12926640550808288,0.4976879135657759,-0.9292939134394212
0.18767972027020363,-0.40912014208251335,0.8424571937293084,0.023739645830070488,0.15012523493685714,-0.10131421447560407,0.2439313592191803,-0.025607938884828707,0.2649959061314422,0.06533714974254101,-0.15320214847015667,-0.05470774031479042,0.23222400149842026,-0.22684282171403547,-0.17093898325357781,0.5226401076758294,0.25113192402949625,0.1389373012264392,-0.12890038040836016,0.1155518637814621,-0.3066423228470392,0.2769379152706044,-0.6045953673264941,-0.23246856862349918,-0.12816402669692795,0.8386606619361314,-0.9198868304197396
0.2727276728058676,-0.20270265916281083,0.9015475662637444,0.029724401895385055,0.1473392332710548,-0.06067743005327342,0.2555298850921126,0.03479487444285656,0.3475089353046559,0.04042055077850648,-0.1454501726708891,-0.0063447937312473,0.08642741154990818,-0.24454942059415885,-0.16838611120815383,0.6353517602895915,0.07646964105921827,-0.11654782435779076,-0.12279475676271101,-0.2019621373061442,-0.2690690326728027,0.579768164144034,-0.29930259327263375,-0.07533991880478508,-0.1796537196845689,0.5740133309037434,-0.943965800905412
0.23663436202334842,0.030533199896578322,0.9798037609032864,-0.264554590234488,0.0389450493721919,-0.11049117436374434,0.2580394496503726,0.010229256253366348,0.13512516378736872,0.038028444448180654,-0.20098769173545494,0.043627113866439915,-0.11655730451717372,-0.3604375053350485,-0.15880180870281746,0.2159479568890177,0.19214713331816657,0.02200518490927106,-0.1616493504910046,0.0976328214017641,-0.2136871066133338,0.40011540138906776,-0.35182023146330266,-0.11134801942873707,-0.1846886318539782,0.4429331464476294,-0.9331278926533252
0.07621120257777969,0.15917152828208403,1.0343311265094268,-0.3912149725047587,-0.011553267474675666,-0.279809137150389,0.25719214513621114,-0.051280242014018707,0.1233210863488674,-0.06727011237969904,-0.19723268864023114,-0.0020334979971801115,-0.21824132522824213,-0.4134440859390618,-0.12195463946267793,0.3458921015938583,-0.020614411588513293,-0.318273311099354,-0.15285296689753747,-0.3969712872346782,-0.46603739583487425,0.5648065954005088,-0.14318670876035622,-0.13305793548388367,-0.24680423494781123,0.7848090506581846,-0.9242939302377836
-0.0568500269865454,0.21172084501768063,1.0525053640770015,-0.4091837779052272,0.059201799631045215,-0.3034935009221422,0.23601289588071417,-0.21393695454120454,0.10914750375252069,-0.09498173167920176,-0.2640285865778499,-0.02926677559645574,-0.31353483668119597,-0.40201295321334807,-0.211462969509026,0.4340873922956916,-0.06206297909752434,0.15608042022815027,-0.12389061505537091,-0.14854671276949305,-0.4157100932232789,0.26143300670155156,-0.24534647684694133,-0.1699422161687979,-0.18828226125936143,0.6889775350721374,-0.8884482008657283
-0.22346910506764694,0.048699871533125716,1.324106563445782,-0.27526620972493543,0.2111434279532296,-0.43263814552385116,0.14105015217688033,-0.11081392487000963,0.07261384499771073,-0.06167594736578286,-0.42492121749453693,-0.17395417607402164,-0.27110550020112645,-0.04348770153554948,-0.20486082006365636,0.16177675666064095,0.039738514842427186,0.2770373379479094,-0.2057081468773001,-0.18082728344817334,-0.3509919719741017,0.13794233036372483,-0.17652075334061657,-0.11021729171842942,-0.25944474450570576,0.4957051183987349,-0.9282306759048438
-0.22184522582244104,0.036348089547835194,1.274489744726556,-0.20253086525839648,0.2215830309782698,-0.3712453906360692,0.14484263836732092,-0.16271645137404478,0.06705205719555951,-0.06277935723154293,-0.44011834634091107,-0.17745508583938696,-0.2971283739096625,-0.13685954354944851,-0.2478143270721308,0.17568665909751835,0.008968923345720858,0.3913839117205842,-0.2317279067644905,-0.0744231751895631,-0.16734417782147903,0.3727266295884555,-0.17524006489695754,-0.07609708625879663,-0.22379687526211456,0.17922691660214585,-0.833970123025278
-0.22584405999710244,0.14757801877883114,0.9776046052728484,-0.2775671123022696,0.11053165108010932,-0.25485296114398137,0.19180704914266,-0.28433708341235253,0.12376392485604981,-0.19140887398430517,-0.20174406934958833,-0.2020319535658287,-0.2183546087860999,-0.19825172937121116,-0.26962857398586404,0.4301686478327502,-0.2640996524282462,0.5664925880387495,-0.2916328972906854,-0.05623378223484632,-0.40971800310938256,0.30288749341890786,-0.09430117360983215,-0.009978250738474692,-0.18138616603178637,1.056273348068411,-0.6003464019982542
-0.25298540359211796,0.27066905390419715,0.2873259105896997,0.299657837320934,0.08682753772904817,0.1965511823023578,0.33955849232455004,-0.2555264646089561,0.55060847654174,0.0036735318887362034,0.06935663431200534,-0.21926155066837283,0.7214050139634534,-0.3612376843551852,-0.022677493081780575,1.209248088147214,-1.2957332269627704,1.05172220726898,-0.5039645196745304,-0.2883953475191291,0.018064739887516668,1.0173922458747762,-0.5135863877824265,0.7244701830717084,-0.14715850015425713,1.7324627847846474,0.47786736684876296
-0.468574285201648,-0.11075038582073593,-0.04274571050884057,-0.007071149740550675,-0.03780683733040224,0.07891160552366383,0.5300213898517598,-0.0026559588223625807,0.3642263978123148,-0.09269034417098077,0.4030904228958869,-0.1394767073629003,0.5732368058743773,-0.6067042005400254,-0.09868406115861028,1.1907200172487067,-0.600190739976471,1.3637323335637541,-0.08262675730901825,0.37140154817621474,0.06625311147069946,0.6212654300884191,-0.5947379300128035,0.03827202152299303,0.13455572480113576,1.8151204423394,-0.5288090929338776
-0.4776700763056838,-0.4045940526243125,-0.3927012482887421,-0.05522228346698621,-0.05228825983884189,-0.1493943809874767,0.40077880133836086,0.09604108686030344,0.3520552934665768,0.01170724179877003,0.21828901239108234,-0.16955191806421854,0.6412999739984282,-0.2776426579003256,-0.05055036982100636,1.2502327998351355,-0.3097661996982918,1.2818382636773964,-0.19982668034137951,0.5638213418897029,0.4675131895144302,0.6184256978959406,-0.4581397911865518,-0.17942499200544482,0.04890738078742696,2.268296995388328,-0.5980578721375842
-0.18345754948132242,-0.8431803625319823,-0.0058325851774160276,0.010718046596160713,0.09712290570274518,-0.12945172051060105,0.5289364533886081,-0.14028549707008997,0.18631474199149478,-0.21655461588293967,0.46520542111872554,0.026954349790073273,0.7630117217282844,-0.0982123485985571,-0.033347497134437964,0.9979925208289298,0.07849383832796741,1.2843756105440787,-0.20505498595666316,0.6239687391635533,-0.17617451718628585,0.050730869600225326,-0.5419116933203543,-0.40177903198654175,-0.09074885448411485,1.6553096135765704,-0.7498360183374883
0.1073330130670489,-0.887199851165172,-0.26314304954245393,0.05478203193774167,0.027348153613379944,-0.17296636705136959,0.3149163067067833,-0.04211921434114618,0.429655001617846,-0.037511651243591126,-0.06754410940986211,-0.09253685127804978,0.7633127208073172,0.20380379615642563,-0.05646175091759209,1.074134679921951,0.18336444803808627,0.4005822920356741,0.011800293032526943,0.46323156669546117,0.38876902958642123,0.40187550017739837,-0.2845605888006235,-0.40786388656168227,-0.2621851208267725,1.555919131467157,-0.8410214827341489
0.35309789271161995,-0.8146588274459345,-0.2838295106294825,0.1129838079540566,0.14288723455484242,-0.17123274886492057,0.5742133594370844,0.1641201870034954,0.16207332425134435,-0.15881289599480297,0.3423413798098136,-0.11285056615382005,0.751302488564106,-0.2015897453890908,-0.1433336849891419,0.6688973021412961,0.31190539737852885,-0.5073602023933361,-0.15307170735869036,-0.018578733325761543,-0.2951787239872754,1.209365178151161,-0.04862950167191027,-0.36980427593176357,-0.3427620710547158,2.2097566871553487,-0.890649774496805
0.5348064935376995,-0.590030568064343,0.008557260642414688,0.06369398944899562,0.09638065767671677,-0.2367986549555825,0.47426802240821675,0.3589553662585958,0.26200690991162,-0.06612856494931796,0.2661427108363241,0.02298035488039485,0.4230245416193372,0.00884500274265898,-0.11561217582581684,0.889946910686281,0.7598714558229827,-0.027374719332095343,-0.1358551586308384,0.41061665805496994,0.12215685471689275,0.7985466667730912,-0.09870546057763352,-0.2910838814283473,-0.3489476181775487,1.4834889629074723,-0.8678158591166792
0.5000492302858561,-0.05180410426613369,0.05960274268725363,-0.2920073172678823,-0.1037294924861849,-0.37129505051058753,0.48447480168764057,0.209177570299792,0.2568055599214911,0.04220204878452671,0.037741820997893694,0.10020178273646518,0.023647896365001975,-0.2912489582775406,0.011379746021064507,0.841178621117679,1.0115901041588065,0.04635085198179989,0.10000756737963346,0.8140691466586387,0.3268022422162573,0.2196544642396394,-0.387211895315024,-0.29301800665062616,-0.20474774407839258,1.641312020572962,-0.8661360228631643
0.4411695457183702,0.25795684889806303,-0.06264584393997663,-0.5419413979950172,-0.17694813014833888,-0.5075337245004681,0.4907858074774394,-0.11837076028240723,0.20798688433577084,-0.08023017922717368,-0.01094366413200265,0.04616226527633138,-0.3192972264774928,-0.642262132699223,-0.1154029098899998,0.9726754497369399,0.9427947100239069,-0.5062825114823624,0.03875613870190309,0.5161072914506912,0.09835286557214151,0.7822923741731802,-0.0002595046796098899,-0.350542799269815,-0.20522900649053888,1.678819013209294,-0.7679387243165392
-0.14590491808606754,0.28506032981587337,0.6676185539076902,-0.3655819365346855,0.23446984834369555,-0.7762186322462523,0.39706814611259955,-0.06362087583886755,0.12429037081837868,0.018297211047227258,-0.2870277797905153,-0.22012771442828782,-0.39542381407375804,-0.23905736101721775,-0.16385239256711104,0.5887435352932284,0.34524299881130016,-0.24515270173658799,-0.1063584830034292,-0.13267798964083688,-0.0683692319631104,0.7216564766280973,-0.03997204917483388,-0.13257190349860615,-0.35089499568044513,1.0162097166691795,-0.8975351268582694
-0.31410386365289233,0.4031542982149423,0.35535207828723503,-0.3505439578717573,0.26005006949187703,-0.870637083539296,0.37564578343764743,-0.17670411982163703,0.1480859179618923,-0.07216793619916506,-0.0873045662427736,-0.37738124492851566,-0.5268848341767728,-0.5647377443838604,-0.25644567261477613,0.9758350991213662,0.4698342014678927,0.09811683843221353,-0.30981492846301417,0.17866192832615835,-0.04816634666469444,0.7226909007659945,-0.06104170651727581,-0.17245878461383435,-0.17271189224851302,1.6247814677869488,-0.7349348826298414
-0.390200297731919,0.2839575400892975,0.5668026791278533,-0.12492622542019538,0.42317787861630785,-0.7451692730179358,0.3768386757549951,-0.11106164440792943,0.2632220878314695,-0.09737782380676063,-0.07751761592296869,-0.444039074752307,-0.7145925745680801,-0.5500831090804461,-0.23800370523258352,0.7780225607784212,0.3556299146303583,-0.37353009590876995,-0.3856984674738887,-0.20765509575916397,-0.1265767274038575,0.8246909014923427,0.10670689416676993,-0.17263728009299828,-0.027383150499071807,1.2772983578255976,-0.6264648913234886
-0.3023166699083536,0.19259900773799288,0.42817011884210854,0.1102804175272758,0.361754688952584,-0.4462228767379749,0.265816163060554,-0.16068127369151108,0.3826337843543832,-0.18200893401203977,-0.1277941410669925,-0.32593936562842785,-0.25774409031873435,-0.1831180778622511,-0.2522648899074156,0.9195207713005988,0.41923206471536556,1.3055209276210107,-0.14996643728373849,0.40532787519407987,0.46400051108510465,0.00615656686720234,-0.3225461460744782,0.028364984309682262,-0.10037971452235306,1.5407341285824936,-0.404738363527237
-0.30832223028883043,-0.02645842665147502,0.5712113979738969,0.257141579376559,0.2299084974075385,-0.18297668438945125,0.3252158113812813,0.04247012787882731,0.28970864979512245,-0.20823254898639976,-0.13613091033932112,-0.18862714786102008,-0.35462852975787795,-0.22093635839827985,-0.25748394730483415,0.609438001602373,0.20939821109038825,0.33789565282600664,-0.21096143126370948,-0.09025118516421826,-0.057329571897496656,0.6088615648940652,-0.004260453413095888,0.043373309782538616,0.14547123401055284,1.5242504034102997,-0.7714960246180991
-0.3471699883489884,-0.35059491801094655,1.0965551780986686,0.3767701512916941,0.40995246834973065,-0.3915895377352703,0.3554304961642354,0.32637116622856066,0.32311794181967524,-0.2498010696478904,0.09946608294946446,-0.20941679523535905,-0.5516667063937041,-0.11905404485621762,-0.01792484587589893,0.3781760065381947,0.4741856379260274,-0.04544694602010635,-0.38765896784599563,-0.38978685034726,-0.24527053071754013,0.43734010706874904,0.11195151647675883,-0.18745846368034125,0.12669201469065428,0.5104185316734202,-0.8743454814479876
-0.22421793432138026,-0.5306283066517292,1.0591347664808533,0.5161262707232113,0.37542486080125337,-0.3270924823133011,0.14739460147294614,0.35070541811436406,0.1962827967422267,-0.19887870570781685,-0.09992386412954901,-0.14442035655820307,-0.6263959181805586,0.09425123191506546,0.08888970318440759,0.20315093934621475,0.26642888260999453,-0.24814677058416523,-0.22815543721436238,-0.5751872634240068,-0.14388265576937875,0.696030309831029,0.35459887279056646,-0.3830551718010172,0.2506922583473066,0.6061562770482769,-0.9068236332012324
-0.08162147519561302,-0.46119463183107023,1.0662826669887204,0.5404947306514081,0.3843664173941248,-0.2732070860413164,0.19085189564517346,0.2618750123197555,0.17069316884490204,-0.20411354698590845,-0.15283981412650838,-0.2001774897144344,-0.6630117576857153,0.08574762412199588,-0.007483874974062554,0.1968362243200994,0.32468536065016673,-0.08127468650384362,-0.2325587254883712,-0.4758195054240345,-0.17980733149119332,0.4144010661963622,0.16416380137113573,-0.3998928013724149,0.2865436566235964,0.9967253966169303,-0.910701090529933
0.08893628651365693,-0.3461256646300386,1.1748639018966904,0.38178293337521874,0.14895093447781238,-0.3070365045921357,0.11473386477136671,0.29649654255723257,0.19370641614825912,-0.2940164997437492,-0.28613751359309236,-0.23714247902865104,-0.785299190301675,0.1680228941086892,-0.08438729770162079,0.43482333933255646,0.5367414213147605,0.21298826059444265,-0.2829313577430559,-0.20979403681022513,-0.2063944304353449,0.4967956527165698,0.3262529475594562,-0.4118122797943081,0.17911453158773227,0.6150032603174138,-0.9314282936203574
0.1341098641968197,-0.048644021762557554,1.09568940923733,0.09484253692847,-0.18682497623319716,-0.14020583348113602,0.37058517533616064,0.16765715424912853,0.058404428358225235,-0.3310424101026588,-0.27673704255954,-0.0012957598715939156,-0.712676170487448,0.12167069563695776,-0.09210553094297824,0.2862285799572353,0.13716532018782046,0.22440571116337926,-0.31009265114176976,-0.38359749023058254,-0.31211271717870903,0.7832422744264895,0.43144564792031503,-0.2059943588602513,0.16250668983319327,0.7230509451581288,-0.9481515575935812
-0.0028543482738627723,0.09438802653546907,1.0163173772168457,0.26055304225355846,-0.04061168098964485,-0.24789371430388374,0.298867509479001,0.1479895055019429,0.18862720385556364,-0.027961374337757583,-0.2051738124624355,0.027443429822167076,-0.8443057260792977,-0.09713402397126181,-0.026437192268974785,0.2975482252126065,-0.07278166168983391,-0.032271335891216224,-0.17262348010238115,-0.4823853566609516,-0.1846902892912724,0.7949207716637121,0.33087194976178047,-0.16662151078992515,0.4611605534230454,0.7018227681185019,-0.9477839698957532
-0.12265407311468646,0.02379536594278253,1.128728524752845,0.24893214987000012,-0.09703911209240468,-0.30127842862956256,0.30088526492908874,0.06286524777076363,0.24088486102921713,-0.14579007471659977,0.003683103067812832,-0.07849288638600882,-0.7501993430752356,0.14431810926518618,0.017510917682709515,0.44484613180159327,-0.09009584824043215,0.3591681444087991,-0.17132350856403022,-0.26990621409670945,-0.23929890325076875,0.5231852518772466,0.37924481173767677,-0.09019655204578303,0.4743274459754394,0.6693273517965095,-0.7724485905877392
-0.23192555392423297,0.07476246050566093,0.8666208902842392,0.18143328959899052,-0.13095469301428708,-0.37030898938765633,0.24070819309529434,2.0278451784427887e-07,0.2030375140427847,-0.16568936667422263,0.0888480618603289,-0.20751631892999178,-0.7101504066623007,0.1456084541910343,-0.11029109631415623,0.6882598951737267,-0.21548363025943185,0.4139919467813431,-0.22956333145602037,-0.1483852131613329,-0.26124220530242614,0.8568936051457634,0.5529794747003394,-0.057187814328325315,0.47054900495662566,1.0405027734431744,-0.7463063859271624
-0.19372912609062654,0.17603038087247014,0.5241142530869443,0.1356189048887606,-0.2020819460323381,-0.06212399020163195,0.292590091479348,-0.252801639941339,0.3183389217509711,-0.03385495469312472,0.04741343690500366,-0.1995875904309128,-0.19122573011756205,0.42630874680361974,-0.11129019295148201,0.6302247272497219,-0.8583628951877007,0.9947493978653761,-0.3563830766228526,0.3998363040515187,-0.0441954240112129,0.4864309990228084,0.22390410418642626,0.38064614580452094,0.33145974105612885,1.0372160971047073,-0.1487945593858674
-0.3513268445439467,0.007506755146480915,0.39137795702474887,0.11332190296655154,-0.2162226886756281,-0.10193631637688694,0.42083585503978616,0.05324522080364913,0.3213643461594371,0.25313818895658535,0.2178320571301371,-0.3230444882428004,-0.4109523495976263,0.23535310817773225,-0.1955978556129182,0.5139245864144464,-0.7836758104775079,-0.28180501789854606,-0.165023672088501,0.6506476086841846,-0.34490813163377654,0.7388162000918386,0.252654074869439,0.11625594901073821,0.7818142066743763,1.2329367282514996,-0.5732358211444745
-0.42004277078379293,-0.25593913847763317,0.31292745980855474,-0.00168893147622462,-0.21905045860456374,-0.19170286068980702,0.34435769229395863,0.08218580242685536,0.41032344048008484,0.2028029962218434,0.23127281503391162,-0.1595865838115258,-0.3745956389948023,0.48166922866443507,-0.1717259555161672,0.7045649768959836,-0.8033447714736469,-0.12566043437825325,-0.3850844785844908,0.20142743566015264,-0.2830151968172868,0.9526832677649479,0.5815967191677902,-0.008555530985402293,0.5529399782077178,0.8769139809855111,-0.6835121304928418
-0.2624374764753594,-0.49516549540379473,0.3371166180366274,-0.07962674468746167,-0.1602214883879235,-0.1607249667739873,0.21727693727372221,-0.10620794345128703,0.3185899655330251,0.17926009432946777,0.6211755911822066,-0.05042796465465804,-0.2642824675803904,0.7058637286865108,-0.13597761548128529,0.6328726348184364,-0.49126800792129144,0.09535457271424663,-0.07224200683518911,0.6508038356701062,-0.4652493225758758,0.295938934802608,0.34084029531780424,-0.12864701229429876,0.5820169088768941,0.9326783039534863,-0.8107290943884181
-0.033462460387439386,-0.6557347351789541,0.33455894100059114,-0.052286942640464074,-0.05353675655943779,-0.22339183853855005,0.0874412496873529,-0.15591946196760043,0.31065359604545106,0.27114818092941717,0.4234456881433526,-0.1649447239336156,-0.13463330953908959,0.7712211575263956,-0.2053011497159044,0.3295124042963471,-0.299610422108349,-0.5537853884771677,-0.08152842975120622,0.5343233618576868,-0.48577742743219987,0.7853713204270794,0.3519129856984369,-0.19245552485503292,0.3655222747434903,0.620872315014293,-0.8362784156654024
0.2368620018938774,-0.6496669453158188,0.5032917815111506,-0.09059590830061737,-0.1634767457998747,-0.26185602388330087,0.11777966276325036,-0.09643783588954236,0.4024472334087945,0.12566802814652656,0.45001576277277766,-0.2569697549602157,-0.04994364373923499,0.9072185268225155,-0.33241630801082656,0.37143255810746134,-0.02014873017344676,-0.6603053905334755,-0.1574628518732969,0.4043235171849693,-0.536977069363155,0.6048634032629396,0.3609675174539926,-0.10035676918663239,0.15129165406276246,0.46281664700888947,-0.8734640614843779
0.469822881600636,-0.3724405051897697,0.7093104187830883,-0.05779900186888387,-0.19353246562523874,-0.10074050176802096,0.019145013815389245,0.016399809683030897,0.40584657209785013,0.195383143754704,0.4732146299578368,-0.01758560924770769,-0.2549381718693329,0.676052088217155,-0.2771380032985271,0.31977278405684273,0.29871689680062574,-0.4020910289207019,-0.21004585022270728,0.6421357482606467,-0.3480214037067546,0.5716958458562629,0.21826775293326417,0.04255891949584334,0.23736012758483005,0.3241646178670452,-0.9016971682110948
0.3742583609770094,-0.1605685195338289,0.9068574024259071,-0.3782648301320283,-0.2929689992495388,-0.26722855402697765,0.005991382711062476,0.06480300470794775,0.34012007528482124,0.07244077329934817,0.305504798469844,0.045468020053975655,-0.3238837675889076,0.6584581387248452,-0.05488019837529745,-0.1054932623867495,0.2737915265187829,-0.5348012135198333,-0.05957321778153346,0.1857994529637863,-0.22084920194249769,0.6593081131243701,0.1592749336634991,-0.004872787456243977,-0.009574536832880787,0.5743371015304455,-0.9222623165100038
0.19962576710765423,0.08474002552334836,0.8666692004301344,-0.47202806921159124,-0.2424527910142793,-0.33623517400005054,-0.11104520787661709,-0.06135010728423451,0.35052298912838653,-0.1163098299552805,0.3733445458000335,-0.0032252905847853786,-0.510241441930299,0.42009556343299215,-0.09335488473344233,0.18561535188435307,0.20950219760431454,-0.2707441778182964,-0.08597449971629878,-0.010548652944014747,-0.30617040503356185,0.8773284651333271,0.34465511058123277,0.02921728613779595,-0.06402202361387233,0.5302758636732168,-0.9031675190024064
0.013007058773157887,0.20947108657225844,0.7544048749060708,-0.7215335337574904,-0.2514748142511236,-0.41893653475924597,-0.048707033912090414,-0.25953028732021266,0.34516591851581757,-0.19532221657665483,0.2093917621578445,-0.1907518633062646,-0.4403442328546291,0.3155673092329039,-0.18092077839779208,0.24014955681324013,0.11906147336044604,0.2359181276130624,-0.20417147100661326,0.3847573172767558,-0.17460414111157496,0.6808769287634977,0.13140363820465106,-0.017494924288545155,-0.19092831802646182,0.3805080760224604,-0.7590059480037324
-0.11107785263772474,0.20027692443905143,0.8102178060386247,-0.6798951212804001,-0.1596789379545973,-0.43041374086626316,-0.2897884665108684,-0.18561321538607067,0.362112075916347,-0.27637610431018445,0.12120127261769231,-0.23627083312689756,-0.48191938923900635,0.3202266829501801,-0.22036911395802183,-0.011803941075692492,-0.1649608851884693,-0.16388151331146605,-0.2884712296664935,-0.06065980898859191,-0.33896902833636244,0.9854796090487039,0.35109371704850156,-0.0043082705344239525,-0.3556354062851025,0.38152331877284507,-0.7459625135646781
-0.2823824417033477,-0.04154807255808224,1.2072627865267598,-0.3055958440274039,0.1879453279719785,-0.45793706926420696,-0.38876085339629773,0.035128887411345344,0.5736364758176753,-0.3946056065318816,0.3258937147744285,-0.22952469938735787,-0.2904676935150099,0.22258107739904398,-0.18291018195521103,-0.24579903855574148,-0.02656176583985914,-0.10706305682455575,-0.31772322157974553,-0.3947884204589279,-0.1179466615961845,0.8369311645148201,0.0979211236210209,0.07860842418663205,-0.4479203244041018,0.1776738959989037,-0.911495554263948
-0.27492423261672405,-0.16189013556064713,1.0950617151432618,-0.15661992022102222,0.14328044649843963,-0.4892903234542554,-0.3882289376413961,0.06319002710618471,0.4597117240558348,-0.48356867695051586,0.5333338948578108,-0.2676270578004407,-0.27663070643306864,0.3366842992661814,-0.1593241017298147,-0.198344257420361,0.04643713289795404,0.0403268238055865,-0.32287051730968075,-0.3467704469642058,-0.15037182318840725,0.834304125971246,0.3429870035249827,0.05997461265595638,-0.3578089894583659,0.24367260044326033,-0.9465428673460978
-0.221320357912274,-0.2506090880598041,1.1898407722192101,0.04637349104874011,0.2961974943958847,-0.4067669672459685,-0.48174477893734713,0.09143757514152129,0.4940360706740674,-0.27214501351713105,0.19196826791451294,-0.21675309629762807,-0.41917993379330754,0.2417770159067667,-0.15470854151697877,-0.3141220385196486,0.030867206726822083,-0.21363810157244534,-0.310582240815396,-0.3934244652072233,-0.06888864369368053,0.8080178769372781,0.12256189707490983,-0.07115127826731704,-0.19168304656814694,0.30427361370409334,-0.9177484976829128
-0.17593343438492626,-0.00813982461927154,0.856986463555911,-0.16009418575442835,0.216833654910761,-0.1445312916065784,-0.36085744327413205,-0.13543340737978038,0.6385004610540528,-0.3063257188218689,0.4200059068235211,-0.22432372234956688,-0.31623447934745386,0.054001616078227954,-0.1916312129048079,-0.14383257143248596,-0.607095849514844,0.002053447318448809,-0.3607420320143694,0.11026552714098758,-0.21322364760791823,0.8419673463501391,0.21233562865448374,0.07444414028657209,-0.15421063571852678,0.553299087196927,-0.397347084011773
-0.2147780294690238,-0.1697214776271636,1.0346775552023941,-0.05726658505787974,0.21580262978187714,-0.15960557929560248,-0.32565751494482964,0.18511147839289066,0.6316908785920297,-0.3584605422101681,0.4293910489974919,-0.29751602743342753,-0.20233764748630623,0.1350829839192773,-0.11538348317886438,-0.35461294058706216,-0.42896708704536024,0.05833363944122727,-0.2881329639595279,-0.05834658181028518,-0.21243828613814852,0.9113590782691043,0.18318129358757118,0.029540190930047006,-0.23500156405575523,0.3833788426999032,-0.7361601749559334
-0.22016346301912915,-0.2624499883176904,0.8729687246978763,-0.06249573967744948,0.019131615455930673,-0.20576973433930945,-0.26744230287647797,0.3045524943230107,0.5299416475361087,-0.2465334377815689,0.4087832440821555,-0.19931493861378047,-0.07231652462233651,0.16472866206361747,-0.0460693386638672,-0.2555500210558629,-0.43965125499484004,-0.18025874319289859,-0.43875446474158664,0.023509093840929474,-0.29315672932902714,0.9349757245267498,0.17582103886125822,0.008205798382082241,-0.16991331732858117,0.3079219814765155,-0.844381155241178
-0.22001050015838075,-0.41621342023547003,0.8964007714344653,-0.09385286761066935,0.04730315447139599,-0.23630576704016715,-0.3766669770990895,0.2531782651254926,0.46268782594156677,-0.26219113430314256,0.3840068973494839,-0.1126504956353197,-0.028662878505408274,0.13499638265779912,0.058758701534141755,-0.6027692972453091,-0.44119215319076555,-0.24566482452675886,-0.28397101552311566,0.06858052745197041,-0.1675076674945134,0.8336807731804434,0.12128226199481462,-0.20034661602846882,-0.20047281440503362,0.28930483242100125,-0.8895667741827744
-0.08279793748392561,-0.40886317106328296,0.8694483162212296,-0.1500620009059832,-0.014112429693536988,-0.22308100001365583,-0.3574667459149037,0.04702861734226049,0.49248387249614667,-0.36271655771175315,0.14613792874759945,-0.12161869159332817,-0.0036247478660228483,-0.11203369575378619,-0.02556453229438571,-0.6884484424015592,-0.3020442121882415,-0.13999046461300224,-0.18175897819786058,0.008087988405293123,-0.10397056505718483,0.7989492043239959,0.0637210254471916,-0.38206157342595826,-0.27359022131965105,0.35612625100031337,-0.9077011006089504
0.06524272673640374,-0.5205904555987044,1.0757574962115286,-0.022304536737129177,-0.03279984380343903,-0.19981136560049395,-0.4075796724681745,0.17789162785511037,0.40226399025848925,-0.3928313033719968,0.18048176324410004,-0.2189856509706859,0.11390458486929611,0.1478399305395437,-0.07294244241641235,-0.6819046973315362,-0.0981262054118145,-0.03176644761580594,-0.2577592834823096,0.12276303814801004,-0.1843297642922831,0.6899076101513841,0.07577631637710946,-0.2586308454940789,-0.3787846433375761,0.25944592128248445,-0.906657625853826
0.17809801193959807,-0.3485891496451091,1.1298327804480537,-0.07228451195763064,-0.01950326635831756,-0.11009265524864775,-0.5084671238146439,0.19196723744715194,0.5133338221141499,-0.3475789918305632,0.3173128881042566,-0.07554920200077386,-0.0848674258933938,0.04898546626413891,-0.1466055461393414,-0.5681739096845564,-0.16053995537006727,-0.18983012058106286,-0.24488915323291793,0.1075732865993897,-0.2906079702131663,0.7094002652452738,0.2218712072958584,-0.18237533099814374,-0.35543125492757466,0.19156499603644717,-0.9205666700329268
0.15352048347383795,-0.0041017572617412235,0.8883404794993741,-0.32163214638893045,-0.2815659556800777,-0.06293937687706752,-0.27774959662484144,0.010953471336711429,0.5158116510005637,-0.3064799482956012,0.4925160509927813,-0.04581743637863567,-0.03549643997110541,-0.1623711427201423,-0.0031493672885745116,-0.4978049199402452,-0.25776191658064274,0.07556867128796796,-0.31431978121912796,0.4425059990161282,-0.06844662215461994,0.5724792532800993,0.13028295476251417,0.01256147341513203,-0.21917038600614425,0.43008989323890967,-0.6119708688725745
-0.07513440460581511,0.021585275734331333,0.8824541246601871,-0.38861405364410995,-0.2531098936858026,-0.23420457308810405,-0.2821800863577546,0.15290296968800554,0.43684607451374946,-0.2819172007301003,0.5825375861554554,-0.14700868417062063,0.02102262882332595,-0.2162170819389302,-0.0024796075237738524,-0.6431168394712795,-0.5097281888529991,-0.2637680887696747,-0.1969738408010835,0.23128638575122484,-0.18995107412747858,0.9248657665124052,0.2847636074508568,-0.01322338434557846,-0.26622012592794786,0.20499517918440402,-0.7398360519342129
-0.2617599776867937,-0.10599713995380944,0.8849991251448626,-0.36149076938393876,-0.20872696700722126,-0.45533339341815315,-0.24595981519341592,0.1023840097910611,0.421996983240303,-0.14797171193037262,0.2506354356966236,-0.18387186342249984,0.1703211485550693,-0.08846168179447966,-0.044189749400226463,-0.7850808123275657,-0.20767427429025553,0.3956777006954655,-0.18229367623687454,0.27124732030859144,0.22162251255425147,0.39982955426211797,-0.01667164121245679,-0.1145619720387232,-0.3196851323499408,0.09478300268904971,-0.8420096217068045
-0.24041647392408494,-0.265560788577367,0.9142356626147485,-0.25985208547723637,-0.05471907489207495,-0.45352489934892526,-0.38305648716975793,0.06080078440102099,0.45122252014225106,-0.15159001910467707,0.3299988893290866,-0.1914383889161384,0.2741319833253071,0.03535501024529242,-0.09384149313168222,-0.920953960600459,-0.3601288883484879,0.00042222685159409856,-0.20883326689532655,0.2309866293533136,0.07994641022482307,0.41507549776315766,0.0838684957767144,-0.07531432709566177,-0.40129794529393525,0.28253240387312006,-0.8096777145215125
-0.1323272906251972,-0.4010637266045888,0.9499380988760449,0.074733880889158,0.019694248478508758,-0.4444282766545008,-0.3389700783392684,-0.045644882947703525,0.4020137431613431,-0.11091867615067175,0.3152236190738944,-0.18729646529158583,0.36030469576382873,0.037843566045707044,-0.13177379494072972,-0.8896878194219122,-0.0374905867125207,0.19595520500073116,-0.09288230774565065,0.2174305040483313,0.15972962810917668,0.335058659084444,-0.05040284226501479,-0.03826917011718123,-0.23492057534994049,0.20439076662053735,-0.8758435001305331
0.028020157265365997,-0.3168086119911765,0.9153744829283319,0.18958586736724037,0.07547135879740163,-0.2293443029570691,-0.3299378458592058,-0.06791222685921583,0.405497715070509,-0.07899099023820222,0.1935543881544184,-0.1741002197271766,0.2628618595797876,-0.058849285569606,-0.23180381710159859,-1.03755813273747,-0.09300790381794188,-0.034666854037515904,-0.23884828948766312,-0.06417850976983419,0.0782423419854732,0.6190624274359695,0.06303582121543072,0.08278937415700893,-0.18997137867816039,0.5151461168905147,-0.8550530561458588
0.10344712373074327,-0.2086389736036388,1.0040767421658172,0.07908739123059516,-0.08701258593952299,-0.11725425302270231,-0.22480681799179747,0.04337506872593955,0.4418596058391997,-0.07066968670946805,0.08657958685398226,-0.11723645163374596,0.11640881272666181,-0.14193984865244258,-0.18969553081669344,-0.84599139405332,-0.17077370107945689,-0.09434571206754738,-0.23605078487679776,-0.17057658074830684,0.0068554515613949984,0.6473417283523486,0.11659883699211249,0.047464393624726764,-0.09664586014098064,0.30293683244122316,-0.8537882382608596
0.07108982839358857,-0.08511381561249376,0.994325476122772,-0.04037596418608347,-0.11060812065969616,-0.12268508862155203,-0.26584147901328303,0.05429647178394292,0.49619605830967384,0.003744815535648538,0.1718843267907073,-0.029328260729675426,0.023546197244783018,-0.3198274814206187,-0.12438583973593398,-1.047021782161989,-0.26462220373755363,-0.13138181838733143,-0.23910523402224526,0.172933838811973,0.11048500575553599,0.468454549667243,0.01760942004241306,0.013647420152072653,0.005480129174635806,0.3038784110902617,-0.8277804205005641
-0.03626121961401152,-0.09006896625980121,1.0791199563400462,-0.22489656048254414,-0.0866579279054076,-0.16942538218543945,-0.17230986667538883,0.024870882415343187,0.2844450674415262,0.030795758066213486,-0.23837267540147988,0.005326667264751395,-0.1320841287899963,-0.032063436731134765,-0.08444954535980342,-0.7754244766180229,-0.19039586479582737,0.21440344283131796,-0.12157961416005736,-0.13771501704486055,0.08906611965216382,0.4809898939564712,0.1967889214782781,-0.09209670972023232,-0.08676118882480932,0.3505688225805932,-0.8926300049980069
-0.0641164908907913,-0.11995663843287008,1.0650384724332094,-0.21877445894209213,-0.07243351859076297,-0.20841882546496793,-0.2677836196804565,-0.05427044674905779,0.2584931315379413,-0.04963289377023283,-0.22459617455151581,-0.03394644541638103,-0.15357937938906718,-0.026267422872466417,-0.1410769483522114,-0.8032022379467918,-0.16655140177197647,0.3032455095109299,-0.11684539428488194,-0.05339954072653996,0.11311534450365057,0.5295532351581755,0.297637588447641,-0.14645247265283423,-0.12199002563919004,0.1816857850010818,-0.9383334087612748
-0.048734948728935024,-0.1589854639768149,1.0528630258256677,-0.25000730658643466,-0.14597538609140148,-0.24978573020508577,-0.3024595500016096,-0.09630474944912126,0.12505602703597996,-0.12569475241798445,-0.3226985702266306,-0.06610592396366233,-0.0647399016770892,0.11356030303777875,-0.18198258945631507,-0.9164326402855052,-0.11389484677978001,0.311921511366666,-0.1723106868190447,-0.1604689685462094,0.013232705599619754,0.6911765145050088,0.4246080651825772,-0.09310217241955798,-0.2522065609341878,0.17379870547826437,-0.9426377421261628
-0.02102589317400194,-0.16077842629150385,1.1946634184545872,-0.15409530616418954,-0.05424709376171433,-0.26124584835183495,-0.3220463961794714,-0.07972049300299511,0.22737241293010313,-0.15707123549442525,0.006979494374134365,-0.128688974984553,-0.05654583319185624,0.103691543378154,-0.18892657268024493,-0.7433434641609507,-0.23107278049664748,0.12902513539026095,-0.21503911199107684,0.11385610903545262,-0.21716592679831048,0.4505981332623321,0.36973185068140824,-0.011780863312418344,-0.16001947090174828,0.4072200954921208,-0.941274110343898
-0.009879927480746398,-0.09484916167774549,1.1587686395813939,-0.10854797886009626,-0.059028222801977726,-0.22029466185379165,-0.2540689427037247,-0.07191146531468029,0.10631173639889058,0.0985882281484931,-0.40079947907625235,-0.1324333480222144,-0.021728301868055078,0.18645147016139219,-0.19184584780327552,-0.7694927277910795,-0.1914470688169413,0.3155380893244133,-0.19740328349625158,0.36997130956229385,-0.17692241762302197,0.551873219679889,-0.006305434585260783,0.05612703236068084,-0.07712425598873562,0.38420478103072964,-0.8927604393423975
-0.025966400684481417,-0.1072790914368783,1.0805568049943952,-0.05488624981753598,-0.18249339171046364,-0.22431416435507467,-0.32895634940447593,0.006558261990300851,0.1815095138235896,-0.013701944444260317,-0.05234701202892755,-0.11472192274586868,0.023558234305877557,0.053546187021912495,-0.1506725280117739,-0.8459747037797665,-0.31943957861234273,-0.11715549785671286,-0.2510942284023717,0.22010509514592558,-0.25962920283563784,0.686699032060659,0.24873987601508318,0.10052532088441435,-0.021310674550160447,0.5124602681230073,-0.8852782510414491
-0.06538294212185791,-0.10193597183393133,1.042551952203394,-0.03753086672600836,-0.19184052184664857,-0.2148942061109238,-0.38969302780167303,0.0033883987615723754,0.2689329579405444,0.06170798849056558,-0.06430321675477468,-0.09427235541198309,-0.012578408572059385,0.13248322072765117,-0.12967492800587432,-0.5008119325955201,-0.33393034163039736,0.045700532819920925,-0.19893223507979196,0.41074049990100847,-0.20063056800203094,0.7004038424529375,0.18228701841096462,0.12181243175307199,0.043168740763083635,0.30208902611062594,-0.8633534235161661
-0.0808127242561254,-0.10908249299669914,1.0853909251861706,-0.0526464523438821,-0.17543926302921842,-0.21471599005008934,-0.3268086355949775,-0.0657871961586568,0.3751034797220121,0.229605419601006,-0.28102923632126353,-0.09470465229187841,0.009673950532819608,-0.014079476990271123,-0.12464209014353311,-0.4733267770175321,-0.3693657056904386,-0.059995833744758253,-0.190735820560336,0.4192605793751474,-0.07754440136375518,0.6640511379049383,-0.04780824504436043,0.0452135432591525,0.08104754579110707,0.050803556812546,-0.7998753759127686
-0.08309528100037555,-0.15174489229367205,1.0591609326355815,-0.061426735638305474,-0.17267887756604428,-0.21711461894667017,-0.31672613251111503,-0.05983528929653559,0.22538341035564136,0.14423580242192702,-0.17286513675803417,-0.10517970946596966,0.045125860379573,-0.10201107840839307,-0.15316870274334693,-0.8039317959429085,-0.3005307039042502,0.03904329147668162,-0.1643072090651202,0.33215550654945125,0.02437729359077867,0.7039728654749915,-0.0197178200617254,-0.025783954502840656,0.05605530763950606,0.061189302378233945,-0.8959382942784581
-0.07061908402310757,-0.16874500391162295,1.060545184710025,-0.06678721228652429,-0.16050596672822826,-0.20531307237953011,-0.2647307540912417,-0.09527070939525806,0.24181755820262008,0.1624283067363792,-0.20881476401181165,-0.09561833283958932,-0.05436176608113319,-0.09795569119718983,-0.1824743309439355,-0.7484091532969723,-0.2646476620765935,0.06745055811828404,-0.19294432702326092,0.31725649250895294,-0.07980425019856585,0.7475564022555583,0.011415188762192052,-0.08210992543210394,0.11990376744542397,0.03627106283076831,-0.9167129280395698
-0.01200900673121963,-0.19511701118550673,0.9634469607113199,-0.042810463922911546,-0.1920492560706546,-0.20511311133200805,-0.430795648656197,-0.07497781071456888,0.22713091762017745,0.17416013180646273,-0.15496980427663298,-0.11447956677018245,-0.03618653890205159,-0.08103036988765677,-0.16220887831973152,-0.49655821368757747,-0.13334071268508874,0.1355699788420417,-0.1577096106915059,0.4972073497328735,-0.10623827756824522,0.623630842732261,-0.0967208949978231,-0.1115883798383579,0.1299199412107479,-0.010155553251715355,-0.8728029599139325
0.019957734524477244,-0.1810318385260693,1.0928193382553575,-0.11331624895837122,-0.15238328691511116,-0.1777171904570387,-0.39208325004407707,-0.07789957868279784,0.27877941922697524,0.20062801018261123,-0.3586832360049145,-0.11573702832765165,-0.040343793972578146,-0.07999624299898167,-0.16092750396890843,-0.3811964319523047,-0.11799671675051371,0.15171345710453799,-0.16324370808851685,0.44760445482704214,-0.02765391235409298,0.6860288076946921,-0.19295243221166425,-0.13056419787630957,0.010189723219680369,-0.07684034221091784,-0.8752110911880335
0.03648294634486349,-0.13875924474764112,1.1012972214011931,-0.17931823779572365,-0.1813122844409546,-0.17647006910818497,-0.3422310467327956,-0.048773825571839624,0.12882747162515806,0.12172257049163404,-0.20291900725856582,-0.11818857976276054,-0.09585813938413468,-0.12066276632885198,-0.16258209390740408,-0.7486842892286784,-0.1248781329768407,0.038360991941630784,-0.19807223009181585,0.3166310745337131,-0.1470385223372369,0.7155739380517714,-0.03495908872208886,-0.14477545493386657,0.04559897962231485,0.3325076666111775,-0.9306140671068892
0.02363081299948888,-0.10189791829275774,1.1706164976485782,-0.25851210374701583,-0.17301721956268878,-0.21276850792946878,-0.27654099715528524,-0.033344785142735645,0.10312521322483725,0.12690731923679022,-0.0253062691711069,-0.12352069177006209,-0.11292038333740584,-0.18933300353896199,-0.13846755571910663,-0.5609538051232498,0.02666520793884808,0.2809642747757526,-0.17744586053583966,0.591311586765239,-0.2956377167469284,0.567962169948312,-0.20216407180207963,-0.16140226348729814,0.07562178311365253,0.10493608707654944,-0.9353927071786516
-0.0037697122317265075,-0.1240434225092889,1.0731491905147483,-0.22626551740728562,-0.17811267597634484,-0.2614322171371557,-0.4424921323886035,-0.0347526474986769,0.13626600002014744,0.1547022989197766,-0.1480783875381595,-0.11216426268455615,-0.0776822375604197,-0.057240380916150135,-0.11211847708498468,-0.6803458903103975,-0.011231356012438742,0.24636736066100706,-0.12335215842850344,0.5503201368339499,-0.07754142364856387,0.5324389030634296,0.024896737145578607,-0.12317527848766474,0.0412854360503907,0.07255595415614402,-0.9626574377121656
-0.039939904339001187,-0.10151992138560662,1.0846290575424091,-0.22035388721503957,-0.15235892447378074,-0.29128235569767835,-0.43800174324172414,-0.05087608734105242,0.17748099492705371,0.1286985816010393,-0.24396843070137963,-0.14617934935240984,-0.08093369096893155,-0.07012645927597261,-0.13110821991197696,-0.6088771996181728,-0.09007298477657422,0.06821200709679043,-0.1863545783341264,0.17062934638169325,-0.133578479481392,0.7015601367393498,0.08459056643175189,-0.10890657119942315,-0.05743104838034807,0.09243324435844635,-0.9078236298415598
-0.03435083352547319,-0.051656425933718886,1.055395039187863,-0.20980249257362882,-0.15140667427428267,-0.26385380061868735,-0.3714452766395653,-0.051302373841955906,0.15968096692197986,0.16769655341902867,-0.21325533747500658,-0.2013175608389488,0.014890688214276748,-0.2613474664566626,-0.13676464651852904,-0.7048250076760322,-0.10912184256131652,0.07286671256475885,-0.24097683499135758,0.2337884065968603,-0.1458648516772051,0.6968716293637154,-0.15062866072371595,-0.0889257847272511,-0.035800974262631624,0.06897115082352223,-0.8123654525271358
-0.07896591778155948,-0.07633639978560369,1.0817176546351512,-0.21347873741074574,-0.14866307511780552,-0.2582054786186946,-0.46170447599419595,0.004665442912254569,0.3285327833995213,0.055792703649367725,0.06279537816815584,-0.17959767063646748,-0.012074328206340135,-0.12687837131088342,-0.13669253839203122,-0.4360110709855737,-0.13200902393502745,0.1858326041133549,-0.23931791179082107,0.22362616857539752,-0.26267229003789194,0.5977110690705592,0.1553514987711857,0.007156541152929963,-0.06699838288618876,0.06871160382836683,-0.8452111919782092
-0.10998925659667258,-0.07843562997911169,0.9884318993663581,-0.22113373002418257,-0.11239028788746441,-0.2636376230145988,-0.40498657244695924,-0.004287700119894877,0.1821824864331405,0.24097970771917732,-0.3456718215372999,-0.17982640341660283,0.05354398366615598,-0.15886802712056902,-0.12345823861940408,-0.45787489616403665,-0.1980615310472792,0.02092828420735149,-0.2542607935158453,0.14309144189610068,-0.1092065766294178,0.9092366854981142,-0.14762234002317842,-0.04459160314104571,-0.09309255923861981,0.09107029560338065,-0.8111796857599495
-0.11012113955244496,-0.17908164901811818,1.0229246155756178,-0.14330088496138416,-0.08330156576184711,-0.26731163750731746,-0.4971391566430692,-7.99405159619404e-05,0.196854227940783,0.20637910178714525,-0.3113113285043637,-0.09781906538123242,0.0777153157263688,-0.0985001678061066,-0.1466046287946694,-0.6833655962568213,-0.14189332542433386,0.06274871289024597,-0.1954670152893372,0.027044382759581653,-0.04410486073310271,0.740367457901506,-0.0025503787728071714,-0.05584220640996096,-0.1019212031592609,0.13717504960595428,-0.9613689044918228
-0.06484660950091148,-0.2033780876547373,1.0923123905307444,-0.12159651860279808,0.0014862563643065485,-0.19636145986916276,-0.47478263164796697,-0.10963853789802525,0.24347714436008117,0.11007634784909492,-0.17408283683621173,-0.09404378636095145,0.050564170267486164,-0.24340707738444445,-0.13155762941182902,-0.7178392402266534,-0.1536972475851074,0.1176555374771373,-0.19706137799746937,0.10090410789545246,-0.054367346449231246,0.6931362596741113,-0.037896400315286294,-0.10834722261088892,-0.09192520351254474,-0.04541578421198256,-0.8378594380216509
-0.009811736770319768,-0.14273784455500949,1.0664990072741336,-0.08251217866547911,-0.00015177180127168288,-0.13420031532985577,-0.3049285722663211,-0.09390232255884723,0.18819112136707483,0.13105472455763212,-0.2544701060214247,-0.1653092144880408,0.12025598782961366,-0.38821934760714527,-0.14497697269345589,-0.5968139068742047,-0.08839156959854932,0.3423041931266835,-0.1745950203518769,0.1960510475879158,-0.10475626646629577,0.6192462562819119,-0.3428251707221157,-0.11980763315252951,-0.04520600624835025,0.09068647535444097,-0.7234329449881295
-0.007348083192300625,-0.02645631193438691,0.8957856716974724,-0.015701377846389586,0.007632746440683347,0.03399473889591009,-0.027211572278831087,-0.08930001656318809,0.1290873177742653,0.27680168787477966,-0.35477796757824087,-0.19646872024721074,0.4593713295798212,-0.622636512434591,-0.0711477412797451,-0.5901632019946508,-0.285228049253509,0.7533093776293167,-0.22635829619066317,0.41489303045227444,-0.07704890351766824,0.6334088483484424,-1.0581966208508624,0.009198654168532272,-0.02233277394804334,0.1355245083098091,-0.3195607840843222
-0.11297027950745542,-0.10158816455405129,0.7983097811578166,-0.14435386797762018,-0.062322098554576266,-0.02246446670006841,0.05922046201636744,0.05781647428194958,0.083302969789953,0.23044034704979732,-0.29914903846087615,-0.13057900524782196,0.39024913343971623,-0.5220340082115453,-0.131788205100415,-0.4875030942704761,-0.3307927152413408,0.42731350895859954,-0.15602437592001694,-0.0229371169942989,-0.2544190463453735,0.8500962589960706,-0.6708426627600751,-0.06504730299806794,-0.05298412869604252,0.21776759370242993,-0.8337092543364972
-0.15403234000612231,-0.20735767789086978,0.7694838910385378,-0.2122552539853697,0.03469771855127912,-0.15595915745777456,0.07683076780334286,0.019338628761714327,0.1157000691975516,0.2871109447766631,-0.07763334487212004,-0.054364344895476036,0.3546481060583935,-0.5789147313890346,-0.10962710996689873,-0.49431572476476315,-0.30500439715933225,0.08562093501505141,-0.254441941119402,0.05247039339608173,-0.3448677525083369,0.8509168626423791,-0.5903801975779773,-0.1749992326704113,-0.04444108706881322,0.2082904417831155,-0.9101516852611364
-0.09817075049647561,-0.3027453180035752,0.6661865348757332,-0.22443689111589693,0.06422494456128924,-0.22562782840643425,-0.026677067742823524,-0.1488911536264036,0.03249260924082642,0.3445322286243271,-0.4550593207754753,-0.02352687891189409,0.39653430889763963,-0.4737174087257313,-0.06584778985854267,-0.9519562270831519,-0.2157228675756201,0.11158685829458848,-0.1202809249499186,0.11596976114674096,0.016101191532395642,0.930102618039639,-0.5625901840968638,-0.30492665448568357,-0.12375152425667468,0.019834244521468536,-0.8863810141349328
0.112995259057596,-0.32174671121521226,0.7202960244008254,-0.20396460578677245,0.08727924613771587,-0.27953983653480885,-0.14891966954018754,-0.2608083611126356,0.008954251156829907,0.1309948032512569,-0.5211795987034944,-0.13285457751031393,0.22243251741933312,-0.4797878407384051,-0.1739893886265318,-0.685959363921204,0.34009089190948893,0.3220750688151943,0.01743821122403988,0.3504072199206989,0.05783891006932684,0.5692282347762105,-0.48140515747659285,-0.45565506350701124,-0.1977251834106729,0.0648720610728224,-0.9115271747110733
0.26096464962669685,-0.1671476727851816,0.7957516421305104,-0.2209241850441923,0.058627384778761504,-0.17872873137401324,-0.1644707736355303,-0.1469488477521138,-0.028936842459993728,0.1058848656671838,-0.6232198726338686,-0.17444183919186462,0.21940410310313752,-0.5013466110495775,-0.30955271219792657,-0.7194339711328772,0.4223915882906575,0.3787242660410759,-0.1846617778783589,0.3402563998946042,-0.037621115031883035,0.548888232665969,-0.583994767738998,-0.29636077451496956,-0.33647310182570056,0.6504959468399674,-0.8746182078044398
0.287422691510665,0.04137553103124114,1.0331544476941081,-0.3615053403379529,-0.029040391910911456,-0.13511345324560986,-0.08442122325543577,-0.004149457811713386,-0.012882379594129634,0.0790118673082072,-0.6294280413674075,-0.06339216564980032,-0.011404272951077599,-0.39323420585639124,-0.18999450623658043,-0.48815149301349237,0.22097710110685065,0.011696142785106334,-0.24465346720180137,-0.0323216639304007,-0.2430303506344168,0.8603837522014937,-0.24181840166071544,-0.1542679367304921,-0.38512100695693974,0.4085742017949403,-0.8313377208021233
0.06875693513705539,0.1491995902031129,0.9860198231714963,-0.4425238176301648,-0.03977249376710845,-0.2554305179715157,-0.09932924450183733,0.11145690893312055,-0.05968705896345894,0.13766014620185296,-0.5826387722778034,-0.035384320709144323,-0.034316558514286166,-0.3975389010793645,-0.050084980410941116,-0.3889299632932728,0.15576634775147258,0.20549961093309776,-0.22163641895843955,0.10581623165632426,-0.14779516910188684,0.7234419197226896,-0.3509094865827399,-0.12972985998941944,-0.3368472122331829,0.47849903129163396,-0.8133535914997914
-0.1278407475366874,0.057784085076229896,1.1141507887658246,-0.37156561714384895,0.16116916887506672,-0.4041729695803896,-0.05045672563810699,0.028830713301530864,-0.12107017965278366,0.1669293718499918,-0.6030421069277994,-0.09097452531515615,-0.0367773094737508,-0.2637970549666836,-0.04093944878558342,-0.47684221283550676,0.10975415299453561,0.2172573312074595,-0.11624527403321128,-0.044804469677759196,-0.22199232986004547,0.8261463788308343,-0.28884633919087466,-0.16705912511363952,-0.33793754342279525,0.21008224107464568,-0.8171085195958832
-0.20889907482815906,0.2515197065031045,0.6000586770166509,-0.08423186902758872,0.18654205957873904,-0.12872404057107312,0.18116146938249522,-0.2515037469069,0.09658102054358686,0.13857157079415217,-0.26423226753094786,-0.30264604978513976,0.8561755184893747,-0.2901110480626764,0.03207936277361578,0.1357507783857923,-0.9906894573884689,0.8744316961395144,-0.40916088752792035,0.0841440330610237,-0.422434051318206,0.722227334581862,-0.7930610056632201,0.5114056956720683,-0.5151610872010437,0.7619967506628436,0.12767091493961402
-0.505491469971985,-0.02462215807491752,0.5342257704404263,-0.3850875881695456,0.16277812913551992,-0.3124608937578772,0.24445503534745705,0.14890097584876272,0.07222870251740243,0.13208377260446058,-0.24205096856943709,-0.4499870348578029,0.5254800433494919,-0.5269494042572052,-0.08776179773870074,-0.4653829520701793,-0.47799095641100897,0.14986712758918763,-0.3892922961680577,-0.0564201553472885,-0.3540582616980785,0.8756632218673579,-0.529560406152047,-0.04455661638148678,-0.39657384547475694,0.8216751447362869,-0.6087297730422645
-0.52452257222799,-0.3394127243909679,0.32542327036961227,-0.10611400352112887,0.3084513707351164,-0.3006647956247954,0.33070521221198357,0.24509070383959775,-0.13728212575191856,0.34146237336172147,-0.5380260187370308,-0.2979313497409275,0.7635488842765987,-0.3985173609720277,-0.022570513997083985,-0.6051152287666011,-0.2117893476616851,0.4285759462811971,-0.35651455867818105,-0.007106688638657821,-0.04145805082541143,1.0930321855696685,-0.8154808380407347,-0.0729575407983164,-0.3782817754835649,0.6267051042621419,-0.7080179770147013
-0.421265819725285,-0.6216091801796351,0.2625087964363455,0.01369029204932426,0.48004576306065005,-0.3029313701976125,0.2323339307003065,0.2147576079633764,0.022770477920218024,0.2954136048521643,-0.24889467864828563,-0.2173269174233896,0.7915630475393716,-0.29779893742458463,0.001348914789230049,-0.5172865584045159,-0.2724274921322216,0.05258974745459133,-0.28911193408088554,-0.07495467136025813,-0.120042480331498,1.0988545809570165,-0.6196144647345695,-0.21321613538265582,-0.40037976981951784,0.48350983805264147,-0.834183561043372
-0.13108940032295935,-0.7600754658816401,0.18720875733941256,0.2648750109656639,0.525224148634766,-0.21453996788242402,0.2529189515626,0.06105137901129898,0.06906168671533885,0.23728647256622204,-0.3493587778122179,-0.1274280931168169,0.8662862902900406,-0.332537293531601,-0.08895018565464363,-0.32997923217162073,-0.0609297707845472,-0.017161856644336893,-0.08531265577338432,-0.2575627021379021,-0.044755139985388825,1.171483923047587,-0.581324550911601,-0.2696665777506382,-0.40151483115001485,0.5412901121443059,-0.8645391902833528
0.19338905432169073,-0.7213052482875004,0.20529023995823614,0.4267535056552836,0.534610238632256,-0.08538002980438886,0.32425736260904237,0.07564110477187502,0.046452782712177676,0.13205337452086097,-0.26246171682302344,-0.06942970220242539,0.8142239706926142,-0.4067242720903824,-0.265648360191829,-0.06475916032506934,0.11241279631215817,-0.05804516188346398,-0.07232651363571385,-0.32478826256324156,-0.3006881540472742,1.1269205881374496,-0.5814130714301906,-0.2106538020098354,-0.4053080400579774,0.920821710540582,-0.8795193771088121
