X1,X2,X3,X4,X5,X6,X7,X8,X9,X10,X11,X12,X13,X14,X15,X16,X17,X18,X19,X20,X21,X22,X23,X24,X25,X26,X27,X28,X29,X30,X31,X32,X33,X34,X35,X36,X37,X38,X39,X40,X41,X42,X43,X44,X45,X46,X47,Y
0.22486447000303933,-0.23362651763068187,0.13337493330341732,0.5042356961661734,0.39166985429214507,-0.2183938425980415,-0.368950950737328,0.34911012419887877,-0.7187972122303941,0.4378135707393509,-0.22300493968836044,-0.3103792196004246,0.06288398059677913,-0.3270617151868578,-0.04485646856496883,1.0,0.3608154439421847,-0.6041000859788221,-0.2833369100452371,-0.5935192604031994,-0.05617589458915384,0.9078932104726094,0.35407118378340163,0.14506176941542037,0.13369459114131388,-1.0,0.08380003447819107,-1.0,-0.19536529968598537,-0.42320019021170685,-0.6525544029352113,-0.1544667697190807,1.0,0.17945421888302415,0.40051591898524563,-0.4717282877615707,-0.407546653024186,-0.35486560079995866,-0.5728060478240916,-0.12305346314996246,-0.008262596125857113,-0.21926052858486833,-0.1392851382970216,-0.14314386652719457,-1.0,-0.3461856950637803,-0.8040603164331028,-0.8758435001305331
0.21505616311039688,-0.04298831782770851,0.18369163378076725,0.4952627406544434,0.41839511716267563,-0.13589631388203494,-0.2879692305190751,0.42597850435049134,-0.6802994052522083,0.4743718368553469,-0.12998691025238895,-0.14416539451459365,-0.10004680745133288,-0.47599103773398244,-0.033034168998630875,0.9156649974667126,0.2540851290585797,-0.5045360192799453,-0.2864276577999706,-0.5736078360773067,-0.004497500691635459,0.9437165606027538,0.24294895789658666,0.2325974843063654,0.2006685495687075,-0.9040421948236406,0.0012785213424073572,-0.8895840973448503,-0.21092180756726675,-0.3749578415090108,-0.6008437056525447,-0.09052856410286492,0.8493602535722871,0.1478925702581848,0.4233872571624262,-0.37784352001003074,-0.3803810919136352,-0.3838644525226409,-0.5288063043182163,-0.09690385500936238,-0.0019393847800978081,-0.18832144890041547,-0.09468422087882888,-0.07658313911388692,0.9821157343698308,-0.18256056693364775,0.1594369426674067,-0.911989623750276
0.11864824772361016,0.10462372825019783,0.19157023683467966,0.4552065088987871,0.46432825505857256,-0.11411675556254786,-0.24905658702490807,0.346700602620428,-0.6632383720318389,0.46806093753357314,-0.06341204649829135,-0.00700823906990844,-0.22004818805110804,-0.569294398407055,0.006383889091091666,0.8522715827196015,0.0015979537113977038,-0.3498259928459706,-0.1607802617976306,-0.616881706455587,0.02185900064479318,0.9705373608162702,0.1865650596081856,0.2394952260988663,0.2599450639990095,-0.8184682153285002,0.04086589515928818,-0.768217531113309,-0.16590554968689597,-0.34273480724542005,-0.5504063107104824,-0.09159833076458745,0.7075529953115403,0.1346214496687983,0.4381935098136338,-0.30158227888489375,-0.33833701743416633,-0.4196764849827478,-0.4792911852056022,-0.07827404076304889,0.005934869336079673,-0.11689773020047634,0.011977826895134491,-0.265341748586747,-0.3820692860992264,0.6174286415373853,0.7338548455287977,-0.8826418962624039
0.009606109279990172,0.19484772822589802,0.1667651342878229,0.41731721421714374,0.5109722657414133,-0.09033146727760855,-0.24103440549436705,0.16564888659417454,-0.650503442963835,0.3848284116330676,-0.04692480398026344,0.026306435593240085,-0.2545956900573898,-0.5759523617286572,-0.03713193593496167,0.8044305337816078,-0.23103152858278175,-0.13732515106201493,-0.13751220295604005,-0.6274973432971818,0.028136581556436058,0.9863986625407242,0.19615043748343375,0.07256503617240928,0.29519557362555027,-0.7683736887371596,0.034130835775814994,-0.6676093991261315,-0.12414270802699112,-0.2962162221707585,-0.5095017218150473,-0.09683606205766804,0.5785614685426734,0.13540511368394248,0.4364188743387494,-0.24845009491493164,-0.3292643432864205,-0.44925817998569695,-0.4296988310676929,-0.08665382992235782,0.011967229689150205,-0.12990189671366592,0.06161080551280729,0.1955487614888327,0.16441143714018702,-0.7632309571352821,-0.2230417256401941,-0.8084524221954195
-0.06254807632204529,0.24370195656793636,0.12106198801402068,0.37642616454152744,0.5162699775446149,-0.01780791880362953,-0.23292419900169614,-0.0234692248961762,-0.633603445049349,0.26273024456702276,-0.05844191904414353,0.030597567137971016,-0.21762669234457388,-0.5215047395273777,-0.15810763849977938,0.7630811509997866,-0.3857798546428792,0.003954963797694777,-0.08873211721637908,-0.6219360816061954,0.017555126674521748,0.9864662277797274,0.2246572566610363,-0.06685551423024005,0.2743336017094049,-0.7257128659644763,-0.1155973284759737,-0.5847698567469297,-0.06688671864241136,-0.24007881121115537,-0.4701143972277517,-0.06637804727569951,0.4635109876338446,0.14285725474963207,0.42226820292393286,-0.16760027331239258,-0.33649836502852803,-0.4661273286133709,-0.3789678126404572,-0.10570968566409367,0.012823588382174123,-0.09099343411134131,0.04642540377196691,-0.5202074162037295,0.11324773540342581,0.6293677179655586,-0.6819709109465083,-0.7566344144693585
-0.09349937590735735,0.26818001427600113,0.054642489420457574,0.30333939826529144,0.45483115142065356,0.09988123643783986,-0.20620263919369197,-0.18271733264565926,-0.6167077638288962,0.12884124609090852,-0.08406991214605941,0.057017137887969804,-0.16121318892790415,-0.45603813664074555,-0.26310846609686156,0.7195275629645659,-0.4399800114982638,0.11032815614549984,-0.16120324268286346,-0.5483361348808737,0.012116229368096754,0.9821739063023198,0.23299336606390542,-0.06252699220166891,0.18425528091507704,-0.6610795159619207,-0.15039365857318665,-0.5079151742647044,-0.012004442699042217,-0.18176752632316273,-0.4181600154747338,-0.046655893561770245,0.38251858950953244,0.1303082729281242,0.40920605344683736,-0.06937528303969875,-0.3455418610315566,-0.46357142981548827,-0.3387017393928754,-0.1114409530479159,0.010007475418488454,-0.07628790864947188,0.009180854478274991,0.29365653542318193,-0.5362142055697807,-0.24209058919427406,0.40949349455908335,-0.7079784514557954
-0.11454190642843942,0.267727570659716,-0.03236864739061074,0.16987010473157516,0.3228733782190796,0.22813547248878652,-0.14723963455270117,-0.2687364673173578,-0.6062260053177766,-0.023564348510102806,-0.13517226565436302,0.03628853361146844,-0.12024347309475913,-0.3952586945539144,-0.2006540560909823,0.6724033436557628,-0.46107231712048913,0.1445248496225422,-0.2769996482423893,-0.4308838501030331,0.026004989173435966,0.9938166528015853,0.224655913711715,-0.09642372629455942,0.10252363892404603,-0.6083722460445885,-0.05767520422956973,-0.41371530132824164,0.011899077898516852,-0.12615843363080048,-0.3794223033362244,-0.07040399023116217,0.32552279156016173,0.1033837789333234,0.4104613262791297,-0.02347295396407889,-0.3278221772959584,-0.44682036536319103,-0.3123036226262724,-0.11137240132852433,0.015585423804436394,-0.10485231231022973,0.12791496653889745,-0.4977153420215328,0.45277597301357786,-0.3510251117496924,0.25344220089859615,-0.7435909800303042
-0.17081073676801184,0.21507250261559152,-0.1354064525656934,-0.029800954872092333,0.14150394859791082,0.3159397126733643,-0.04551111543224318,-0.2120411466642219,-0.6078504182387992,-0.17693928060953512,-0.20617381521472333,-0.09437202596311622,-0.07167979978894978,-0.30837384618335995,-0.07670152062710478,0.6254164814265961,-0.5102046079824967,0.11121750496869431,-0.3190744080215022,-0.32766434419623347,0.04646453283766627,1.0,0.19898431606254485,-0.126272313058302,-0.0007494179029757797,-0.5854803030130462,-0.08714956463066359,-0.32445892927242526,0.0429963933716877,-0.07539507091971431,-0.36586752559136126,-0.022642274612758362,0.2818146427753403,0.09404683300815564,0.4112622065797946,-0.013834394893730173,-0.3103225952463404,-0.4180457007263738,-0.29440984185190344,-0.11388074714600083,0.017653571700935622,-0.1247438562680182,0.1210264243332313,0.04307891290613153,0.043176078605849266,0.5467445110754243,-0.17544312277816232,-0.5413386951071508
-0.2694558022459438,0.07439939779879245,-0.2521170158204773,-0.2596741728240689,-0.03138859576185471,0.30494085232222146,0.08034196520268755,-0.03312455478662024,-0.6305749361050874,-0.24854373520471285,-0.23773539390717102,-0.19052892613137218,0.0027703238874012825,-0.1875891168082171,-0.0957938052717906,0.5766061275326959,-0.569414648367583,0.05349006386617461,-0.26437846056850356,-0.26884789598743186,0.04994433910237217,0.9793105655941847,0.18561594654394575,-0.1743478398485765,-0.11334563145914389,-0.5924529104595564,-0.01346995680713936,-0.20400416115772557,0.06017843692941094,-0.024674529456485628,-0.3869228567633727,-0.01564699357401589,0.25658468619572306,0.08104021474093837,0.4072672599852274,-0.009690049246980359,-0.2958235504284886,-0.3925415990271891,-0.278722702466239,-0.08741430743322376,0.02329390099010742,-0.23617557089034458,0.1614122040873518,0.04899395530909967,-0.4089772909370146,-0.3506801578542562,0.10109662392499619,0.14972617680928746
-0.35268069998619755,-0.15712022064399,-0.3781965372535163,-0.4469430229554424,-0.11754562421068859,0.16546774801869768,0.17596138689473606,0.10569815274698358,-0.6768886241914547,-0.21622546713633728,-0.20204695248947535,-0.12655163426112503,0.060594905939007626,-0.07565442077554296,-0.15355997192396165,0.5172874146096611,-0.5128540455873272,-0.01892326408713385,-0.3153640190999285,-0.17230638016834754,0.047397761216423584,0.9548932895506186,0.1841612364934464,-0.30278130501582823,-0.20250181688586277,-0.626876711608598,0.015831779364780196,-0.0751483820588208,0.07580689868657342,0.012319700837323255,-0.43114762564180686,0.047170575008947946,0.22961776201730455,0.07775561866104042,0.4098090123121698,-0.012881075189642432,-0.2850929555811267,-0.38336682964800517,-0.2569922044292554,-0.06756057172968155,0.03194676612577907,-0.27042734012999714,0.1300143751827405,-0.6313139676614867,0.4034438156397604,-0.1142411998326821,-0.2896559017741237,-0.0428028206229345
-0.31605364740957687,-0.40905259829524176,-0.49083257924345136,-0.5200368984069742,-0.07696992812779357,-0.05711567032529874,0.1965307409453696,0.040447475693409674,-0.7297910442664346,-0.16467243087690075,-0.1437936859347405,0.02178280135138433,0.048335823346429274,-0.0368663267475734,-0.19916141041425028,0.4634415105046421,-0.39379161243449534,-0.2051014900546213,-0.18237337675800636,-0.12159063069041465,0.02758409829014763,0.928667164332907,0.17813929174027532,-0.3691219241552688,-0.2766603655155634,-0.6449377177104375,-0.08647498993218128,0.06398477438747574,0.09020545492866505,0.04146075714631836,-0.4619539150712789,0.048561093769195374,0.18125905019883404,0.1014016358903842,0.4235914663358904,0.00813977480647754,-0.24055673360478358,-0.3971506884171374,-0.21461725635589324,-0.06559170923288404,0.03590627145705416,-0.1851813307275696,0.24606628798662156,0.34793191273107427,-0.10676014720222937,0.45873596401331085,-0.007590020752145654,-0.4163588778456673
-0.11598744962501517,-0.561443075439906,-0.5404822592336432,-0.4717630447252792,0.03335627532960217,-0.24570373633510556,0.1758798134677768,-0.13511600742345053,-0.754206549836536,-0.20677764038519542,-0.14009227853104678,-0.002485038518656779,-0.0040651968202068955,-0.040165625680346984,-0.09732662285723259,0.4085568664919985,-0.30199079030874576,-0.19449681670292962,-0.4005603461500268,0.003411577231933194,0.05038294159650114,0.9096845767622415,0.06024667365533842,0.1328097566583466,-0.5037443097541661,-0.5542718611699491,-0.3426770501792794,0.08491996944848568,0.06587061878430966,0.11392792365242177,-0.4016435054281664,0.024786197389472964,0.1485001188674,0.1446101789111327,0.4518079628039049,0.08602111507343335,-0.20529888255971962,-0.39075310009917474,-0.1735775672221901,-0.0877015522728567,0.014854131861905984,-0.05746683835327315,0.16131520387499032,-0.6375691434858963,-0.44367829865375674,-0.6295715337976099,-0.013801213791535316,-0.7459625135646777
0.17803968617858512,-0.5239547112444822,-0.49481749186299673,-0.36582906543782034,0.11718859630634793,-0.32423107631352055,0.18811405135226233,-0.1978959232240186,-0.7351069833249666,-0.29033134270229854,-0.1631631599444615,-0.17246848427037842,-0.0007954870518860346,-0.016096958255026328,-0.11032997403405564,0.36926445372395444,-0.5060440321354753,-0.16562145989503863,-0.15548137527472383,-0.09357510253764645,0.06459305800277115,0.8983318691757518,0.023214309318316584,0.2515769347244765,-0.526246534228691,-0.4711061348709944,0.18059467787509242,0.2345052536169303,0.008788136127344082,0.18039608116311512,-0.3950787956853341,0.05453896694987259,0.10411108751744491,0.17901788903085514,0.4735214383595363,0.16866921269759527,-0.25068764793556997,-0.38289886849414956,-0.14577826534050586,-0.07416617097178924,0.006706803663679706,-0.024002765500324874,0.19420725133133665,0.024086021991787776,0.3846458090951761,0.4338046352457483,-0.08909634114872556,-0.8023259605649546
0.4116429759045246,-0.30640435908044983,-0.3717366312254746,-0.2805179758376998,0.13511608749567117,-0.3262776336731332,0.2635215733961085,-0.060980956476885395,-0.6916729511696802,-0.303113431199617,-0.14198243232681984,-0.27967741161133397,0.05814761024179105,0.03944950458447316,-0.20304564248041324,0.3133601707478595,-0.44850569239362204,-0.05537510780216137,-0.44351116803375246,0.0008084789254343416,0.11569546015930077,0.9174098387453311,0.04796797925118512,-0.15397258003709713,-0.4027461136002747,-0.4761585627787085,0.13924944172161435,0.3011367898713908,0.008776283891504422,0.2066482612564986,-0.3724130672786371,0.029052449191082186,0.03440800751649564,0.114268297573481,0.48918862027504906,0.18917085023074254,-0.3382279451705087,-0.3781043295483064,-0.14643816615073524,-0.10151907666869042,-0.00453454669499842,0.03294258829025609,0.240661027657453,-0.1121982892268013,-0.23250282025075508,-0.1788998227006926,0.21036374038589534,-0.8733929154783472
0.4501924706097431,-0.017951425077371908,-0.2244428774436772,-0.2425384741738068,0.12641939976706884,-0.3395671478929858,0.36672586725834844,0.17595730201662896,-0.6534729892658464,-0.22849522699624236,-0.06613677972566523,-0.2648889898982941,0.10375130049974901,0.09809551165474839,-0.04561181483060983,0.24629614654766008,-0.3003110008619687,-0.2548203425175667,-0.427954228697348,0.0539731725062369,0.17730388784364015,0.9330458627520097,-0.024235703093837047,-0.17319216856326947,-0.37112580681742735,-0.44289678837673174,-0.12008688044744986,0.3740188136753937,0.008338591961559505,0.21480380367672192,-0.3431107416154392,0.0386185027817052,-0.01127696694326985,0.024451319229120694,0.5216774425031521,0.20968000731871794,-0.31452234946991586,-0.3502477976080256,-0.15883429919114467,-0.10579069479215308,-0.01431761905641371,0.06339208947592923,0.27090075412720727,-0.11718439315927376,0.23460844875077136,0.04151246588520974,0.276560439442022,-0.8383732702874318
0.28731674689068454,0.20869934232357545,-0.10897282677828801,-0.209417193042006,0.16111619476311656,-0.4118692989298923,0.42784326496434355,0.3105688733945524,-0.6355353315470353,-0.127576752237903,0.029622319828016108,-0.1882558286848145,0.1419252652076044,0.1553567082781604,-0.05287652377139607,0.19417780539339602,-0.31898873703963204,-0.3445084697981917,-0.20608439462660721,-0.02341146894831525,0.2043071817224169,0.8983896600076511,-0.11005628342144502,0.21357070342125573,-0.45460522724007724,-0.34884395612705343,-0.200083063853717,0.43944317092228435,-0.006203517637195954,0.22914034762921687,-0.29319962945914524,0.051169484123254616,-0.03657278617311932,-0.02672236133642447,0.5391813837857604,0.2876646930844131,-0.26270784366913824,-0.3280894431193717,-0.1561367215931182,-0.06719884643035878,-0.029865243863375635,0.19751659640236907,0.3030209324132722,-0.17068392980459868,-0.26756815366097564,-0.011609972863302898,-0.6413730742587475,-0.7974247912605827
0.052655594080313284,0.3125435653393853,-0.04689594360909055,-0.12160226837814625,0.25502078682601503,-0.49341251824897536,0.4105512011549426,0.22629385738953256,-0.629265839472056,-0.04392460674008025,0.12545903190641572,-0.02905419033929002,0.21220014445844249,0.24932109418217463,-0.1541800768690451,0.1471175539859071,-0.4589458725303629,-0.1376678148952476,-0.21948278328698845,-0.10396077535790937,0.21630595898403948,0.8589017364296934,-0.12115940149461357,0.46248069232561706,-0.4981204057499603,-0.25676785044510275,-0.029068891067892566,0.48686218968199113,0.004472372926384249,0.2322214131042577,-0.24174761122024802,0.06411291049464052,-0.06626578254217386,-0.04928992962700929,0.554529365533809,0.3837295823905149,-0.25692937413046857,-0.3280558290134933,-0.1403334876721728,-0.035646360771062424,-0.03789259282666391,0.19885400861000435,0.23650852637330866,-0.1707681189474589,-0.08194873735721175,-0.06323600610557123,-0.25841835085687936,-0.8609818899817925
-0.10971175104217046,0.32137171256650987,-0.03437243540071966,0.029872776998434825,0.35617482908656695,-0.4886166240951231,0.3266145802828204,-0.07642491905374826,-0.6144103388490385,-0.059624200485862366,0.16656298024642524,0.10689656779931589,0.32301653367450744,0.383601258370152,-0.21556650007318312,0.11173041947277396,-0.5858094669051446,0.007684142928989335,-0.13182999583158983,-0.19920280828948322,0.2052454249338913,0.8422133433854879,-0.020336755512595506,0.19915911035391098,-0.40392556537952984,-0.23085993052967135,0.11360370247778118,0.564601161544553,0.08096390615658078,0.2019305913382674,-0.22419140853935648,0.08323333569581215,-0.12811744771738154,-0.04917261843541276,0.5734215785721994,0.448138411442742,-0.26380452984965475,-0.34532638204006294,-0.1138009744213575,-0.05420115621541133,-0.040333503624501166,0.20174875074374254,0.2913160275385951,-0.16372183561778308,-0.0028952135327495743,0.046633145409127774,0.5621090251233283,-0.9051279867241552
-0.14255519155766072,0.30926524306944514,-0.047835261188774236,0.1825726369200389,0.36857897102819925,-0.3312152912954278,0.24564820362394513,-0.4100934390934763,-0.5760392275251416,-0.21011349930271672,0.11300370851996022,0.08089480404876292,0.368217776664048,0.4396024865761545,-0.25959907561905105,0.08243517618735008,-0.29377505953354577,-0.12819790782862794,-0.19736489231182297,-0.11090430381579741,0.20034055202131484,0.8512131022337928,0.1197591598627683,-0.4759930036493474,-0.21767067405620288,-0.2746501484165581,0.3027928101759578,0.6861466701367753,0.047065209408575504,0.1624350702431694,-0.23363119012391909,-0.004843514765773604,-0.17404615797243017,-0.10065184305756325,0.5998430272808772,0.41057763443651085,-0.30503376225552137,-0.3372803290186469,-0.1140753315351638,-0.091870100640282,-0.02703718252031051,0.2482903470090474,0.4177394900963445,-0.18157997921543256,0.2714951359418427,-0.17197411800715323,0.2314960174285503,-0.9077011006089504
-0.09925920541788302,0.32449796487406113,-0.0710590572908617,0.24013710236686525,0.22932363963377167,-0.06118862995119223,0.24205719688508487,-0.5509757832909377,-0.5247650647045774,-0.3948874816757897,0.013666403955709283,-0.033633736657690205,0.23801908714186193,0.3045021589334769,-0.3239446953626083,0.055075723224254025,0.12883845747682132,-0.4515502625942843,-0.14343317162117708,0.008791534404459345,0.2132811484574899,0.8295967271056162,0.08639449178285208,-0.32983940250650334,-0.2366282256245934,-0.23141146443523286,-0.5255237357564781,0.6549666783163097,-0.018466861098122567,0.15634714998670418,-0.1515985017529221,-0.03952490348149318,-0.23263137801290068,-0.11243640988411918,0.6148814103614286,0.45743462540549995,-0.27268626821779685,-0.3165064102541284,-0.09711348004740827,-0.13071338695348922,-0.03743131751364326,0.5739908085371701,0.39862145087386347,-0.07568184636375186,-0.08701333782901022,0.24800946143406355,-0.35185119774681584,-0.535212233476686
-0.10719055421818924,0.33401152913076126,-0.10939033242518081,0.14168980196304615,-0.028227981248955092,0.1792506087245085,0.33577927270603425,-0.4033469562399158,-0.4887368029399727,-0.5133014058755321,-0.07302374935540734,-0.17673695603588369,-0.04362054857120545,0.04043342596455779,-0.22918714961167708,0.011047954235804625,0.30329745698573984,-0.45813556515645937,-0.42792472442809326,0.17014654413745167,0.2903150094576603,0.8072261974569392,-0.10129471293593861,0.4699060334355596,-0.3515679721357764,-0.06295671074587028,-0.034111856018976816,0.6792337468699357,-0.18894833837920944,0.15673320389962098,-0.059319625237002405,-0.019518571049393696,-0.19887746860203626,-0.13524014917774696,0.6568782208473007,0.49527678853799806,-0.25340373538557937,-0.25792864585081776,-0.11877817146685199,-0.04216324445965702,-0.029904415955345987,0.6609714544519454,0.40488600502887073,-0.1844622573710779,-0.1095353299991435,-0.3639300921882789,-0.4865943926289479,-0.5707457109333822
-0.2754615086943841,0.22991224286147083,-0.17128945483806968,-0.08194614704309744,-0.28935015152071375,0.24003008085367372,0.49483979659237165,0.029039741923636342,-0.4876517328497192,-0.5262361895825578,-0.1189443564519237,-0.4111494310259861,-0.2951291496521037,-0.1221666267773478,0.1553427474391904,-0.046674888797242686,0.015968995446200784,-0.28749907073705194,-0.6022284073222741,0.20612757871901088,0.3983864724448545,0.8365848391526025,-0.19400001253208488,0.3859689633109902,-0.16315301210191013,-0.06845957366308197,0.39274742593376044,0.7433786716367838,-0.20805425819825474,0.0844255704339727,-0.07326912461497537,-0.06776294478305012,-0.217423930567874,-0.16993406403861955,0.722232908036875,0.3792026330280249,-0.28557289992667434,-0.24197149995254352,-0.1550269527323348,0.018596297032407838,-0.007045348579099442,0.494712989737093,0.5691126154580357,-0.19733479396917186,-0.1561856860472568,0.4021644317109532,0.01524716540198856,0.25363887117375317
-0.5095263905993352,-0.055921819390254535,-0.2741985643470265,-0.282753892987476,-0.38086089228329345,0.03755473415369592,0.5983565754089384,0.3994120182054042,-0.5353634878174747,-0.31732705839585185,-0.014660429739462466,-0.3502970256339073,-0.38512907872363855,-0.13206524103857975,-0.18318515597709695,-0.06960757557576269,-0.4159402719432559,-0.3481042868315226,0.20657064502688982,-0.08050038081801647,0.3510705199604365,0.7781444498957091,-0.05611300032695177,-0.38116110426594874,0.17652626623180856,-0.2438627192519467,0.18014022560964182,0.8946110148027233,-0.23520809611398275,0.05528779959228425,-0.22080417498518734,-0.1403482473609846,-0.3286474864452723,-0.11810052106287416,0.7233362946124646,0.27116361700541525,-0.20128072993167145,-0.32056537285803677,-0.11145071466180523,0.06006863996549838,0.032814673980799736,0.5628751952443307,0.7218938580731646,-0.4223159772164907,-0.3217370628000369,-0.3569497151727964,0.17123756856876016,-0.2166362286925122
-0.5568150116920341,-0.42787096779557254,-0.3958683678371203,-0.2944945011293235,-0.2098662515220996,-0.33044312457653136,0.5284843588842787,0.28046075044478,-0.6058836972162343,0.0038124287162237813,0.20052292671328775,0.12382912543477964,-0.5092972517753223,-0.1801338177681454,-0.5127719611020884,-0.1190577988340229,-0.12373951153954832,-0.20024210721797442,-0.35285708166480356,0.18128332262595848,0.32432053440391817,0.721468416046473,-0.01892508758159206,-0.5171146329321543,0.19108709017576264,-0.31885339589884176,-0.18453826001404372,0.8903781674695415,-0.13188540938495874,-0.01226559075883571,-0.2711777725486373,0.26230844206816917,-0.3883633158864619,-0.037794984401189,0.7266583900052659,0.2871211787675625,-0.2896503616117433,-0.36807129719315335,-0.07698427560158394,0.03709371172060538,0.03671329240555066,0.3745394149231178,0.6219464005536111,0.08620780364064462,0.3660845089024205,0.21735813398156067,0.4091085688394924,-0.7744209159771598
-0.29711412961722883,-0.6740047825344471,-0.4498100984417256,-0.09716771137197744,0.10153381740651701,-0.6000130700887084,0.34049877437307874,-0.18478113381074357,-0.6206697592746566,0.04486840103509926,0.2558519350346198,0.17866520350555226,-0.6728487733990693,-0.21679755395179812,0.10184566010870699,-0.16249835244841349,-0.18529411954491537,-0.21658269057457602,-0.48862279461232516,0.28304402354974467,0.36442037634267677,0.7291499908475805,-0.21987199168225757,0.32634885492099763,-0.2093157233291455,-0.17616424076135107,-0.5482193690725506,0.8139820376873983,0.45435905021252876,-0.2042574359978252,-0.13063959342847964,0.43646252094202476,-0.41173501867434825,0.0014343652468742363,0.7948081269289378,0.4146992090061514,-0.3063038649285216,-0.3541340286183904,-0.08079554792461552,-0.03758447265586018,0.004568115701342634,0.3580554922642567,0.5375911374554427,-0.004947899130513522,-0.0715785384155957,-0.2096032794291619,-0.09018688191004653,-0.8795193771088121
0.16139363110450455,-0.620405662728492,-0.36517406241605443,0.1676512825162102,0.3211074124440314,-0.5856389612344128,0.21811740481271746,-0.4244184488472027,-0.5380823498405551,-0.1456646663972775,0.1582358091837306,-0.33604663054786443,-0.6324080529006932,-0.12779390541287028,-0.011940014095982776,-0.14688410657739326,-0.6632660688587401,-0.12143705371613933,0.1619888272971628,-0.03734065685231347,0.34519553021368843,0.7151963730178712,-0.16627714730644816,0.11024397419093224,-0.3916253789403208,-0.10025638007224669,0.5464771103139665,0.9646079528717106,0.3352887587821549,-0.12920859642512583,-0.06542116533261444,-0.4470271746356177,-0.4132853470655554,-0.0766373563010021,0.8205734039735286,0.3704112987323622,-0.23040329532980397,-0.3472505104107724,-0.08317135852149837,-0.0016888491002940986,0.03041286897031159,0.5500104266290873,0.6446942194110525,-0.26646602077085757,-0.21395103323396059,0.12206358551411611,-0.4136274721829739,-0.9009619928154392
0.5642250007133167,-0.26089190211128055,-0.16974818755629428,0.32046799384202074,0.33464089687728493,-0.3625308557075484,0.25609835408327664,-0.1853884938469995,-0.4091709380875933,-0.1292215944393429,0.1952984689141395,-0.49226426464844375,-0.4578827012826897,0.007447521800283408,-0.5249136368724079,-0.17709901075161105,-0.516926662648667,0.21912196856763644,-0.38843860949239606,0.01930026089825332,0.395551840396108,0.7302626863735451,-0.09339371643675598,-0.4475176189508083,-0.3950946827688814,-0.11764136684757387,-0.2763935307094648,0.8114049249202293,-0.110986425455332,0.0885313190911643,-0.03354018129784819,-0.13775785680532926,-0.5138788763385413,-0.034346712704419136,0.7701502157602185,0.38514255214761506,-0.39082904485094316,-0.33886664832816693,-0.053929372905452966,-0.0958619496778308,0.019135295746148362,0.8140156822713382,0.4479454826625744,-0.2515451936850759,-0.17098758820490312,-0.10024163542164266,-0.2843362206393223,-0.8817723339664669
0.6675691271134769,0.21865974097673258,0.007499498560566753,0.2896990523320526,0.25047313576972075,-0.17018774551218563,0.33845019687986344,0.1081149943768196,-0.3135166237756246,0.07908486627363764,0.36362277423558953,-0.14493188148613323,-0.3311202595136675,0.11093633471738218,-0.34866240400309323,-0.23421177939045812,-0.3892183734419701,0.12265052880453697,-0.40966530415241986,-0.027742584501199707,0.47828992751506827,0.7632199900646628,-0.2610863851124591,0.1197397546935084,-0.4538523466042105,0.04095347154358797,-0.4401460738017634,0.7726614693151994,-0.17018321953431947,0.11419889526763449,0.047384292590569865,0.1372018267885644,-0.5291980291511851,-0.09542912361290457,0.7872392622061017,0.5449053296172124,-0.37792125827749157,-0.2856686908063448,-0.06290587155518701,-0.06758493551990608,-0.004188540193808876,0.9170719498523983,0.38096047071258865,-0.21410193472970773,0.17969348449567302,-0.11506759976708636,0.5000009254613562,-0.9036576359328437
0.4582935889944202,0.6025517609347806,0.07334086809729401,0.14545736586201707,0.19599744020970422,-0.10042323041536716,0.33631402615885553,0.06819369099109696,-0.2702032908628771,0.16914845189338856,0.45876402250303316,0.12603720759647152,-0.21866489675757983,0.22139216109407212,-0.13707051599788955,-0.24687818177557064,-0.6197299115889485,0.18282325606319705,-0.12361616775896733,-0.21825101086109377,0.50982048033852,0.785092733277748,-0.30525766460546866,0.3766937645489672,-0.39949106733148454,0.16054853090089583,-0.016532803566570164,0.8127575715280979,-0.09969986423739507,0.07174770058505908,0.1198480344554993,0.040358883654449285,-0.5339147528683761,-0.16104039694740124,0.7955177522211219,0.6041512691642776,-0.2850786565825917,-0.2654705364764598,-0.06552564591214516,-0.01595344820132294,0.004235798804381741,0.881125105618987,0.46663953132565994,-0.11416475445436292,0.07476074074218841,0.027574297703347295,0.17149704069350924,-0.7981362513208947
0.10341629098907346,0.785352639985123,0.042634633886374784,-0.018940949054118694,0.16114996751525545,-0.060666883602445654,0.2727561383146766,-0.14621167710343674,-0.24787232634262402,0.07017298880711809,0.4242787278769409,0.10174106426135565,-0.08540554100283426,0.3679687411138317,-0.019471833920493453,-0.24145633813221645,-0.5770608629064806,0.23648674775323753,-0.22814150082128803,-0.19897178459429776,0.5203379657761142,0.8231858975239346,-0.1662077336142873,-0.4007142320288236,-0.11165929850250467,0.07558911787061495,0.4885768341984442,0.8981453453004438,-0.20453341437116268,0.05235712790821756,0.07442982327222336,-0.07112375989148245,-0.54352900425035,-0.1650419339954946,0.7933029790350374,0.3973629799161569,-0.19697562552198677,-0.2521464177801699,-0.06993655167047019,-0.028986988046549866,0.03957711593954949,0.6291796379948378,0.6311594581446611,-0.12991789599352177,-0.1048363604537016,-0.008057092611181482,-0.5844933901800031,-0.8586894075652315
-0.31144615641542783,0.7173586741338995,-0.03350983974516708,-0.17580762532654182,0.09275271020675468,0.005815033643943979,0.24455359219391148,-0.12137058687210267,-0.22079714733869915,-0.15314238825106896,0.2790065223022875,-0.30383333638983956,-0.013588857101742291,0.4924410637591605,0.33263351115547235,-0.26692680694233173,-0.03891078290584127,-0.1310298236962737,-0.5831335107650182,0.07094554395975794,0.573336158443498,0.8582722659958724,-0.16194388847348362,-1.0,0.07706574851406867,-0.10150127243278706,0.11148570673316649,0.9053068811227043,-0.2348439361295095,-0.00719281215727019,-0.016349415233728348,0.0799742817027056,-0.5250782811020199,-0.13511618011046989,0.8091938440862325,0.1363508636946842,-0.24604573540499486,-0.17658837561865193,-0.11318627750968324,-0.0924254914933973,0.04450968136170874,0.392313703608667,0.6650133289581066,-0.2194004472414708,-0.45448446416878374,0.17952339876493073,-0.2909098766394733,0.17656403130661436
-0.7123526509356548,0.37545138493913277,-0.14507679451998234,-0.2964460448307772,0.033805627610462796,0.0187556773457469,0.2604314369150891,0.19216026253274499,-0.20760595200115528,-0.2375628253199521,0.2002608751819781,-0.595471555252024,-0.016846687625369006,0.5093083978848127,0.05512727228356229,-0.2946946461545916,0.17494607752243296,-0.652382346131633,0.09707640001497864,-0.05744210342708733,0.5432860979907992,0.7442602206692726,-0.3034436907262238,-0.3723157741096086,-0.07016010229140035,-0.1434845576477104,-0.563060137056567,0.8999472705885188,-0.10860551459019363,-0.05282745510252562,-0.05546381219862395,0.10044148200138259,-0.4927954730738586,-0.12102540506178872,0.779086769654564,0.1908155814457937,-0.30494810920518545,-0.1268791818145497,-0.12256065042071063,-0.026012922091122936,0.02403322875578362,0.6988837513673443,0.5741818354554733,-0.21053065465396248,0.05331144355190487,-0.46947881320925855,0.2523132733654938,-0.062249395604797364
-0.8877108709787647,-0.14576850083801896,-0.30754020308545094,-0.297786213490017,0.11159509920611743,-0.11082527724384938,0.19199800881935558,0.25552652574097867,-0.23780080739579124,-0.034843078411011974,0.3265418232166224,-0.12098561262126584,-0.17984294111445986,0.3000413371223465,-0.7501088948222955,-0.3497013798915375,0.2929537483996032,-0.4804424858614459,0.06559599842980224,-0.08903284650361243,0.49399643138112204,0.6121420693885617,-0.347859119845743,0.18437282022424184,-0.11736809637554124,-0.09489037234547326,0.07579251397252151,0.9568678694568247,-0.18326937918603992,-0.03515930975336223,-0.07090137340005398,-0.04429945661757806,-0.46533164838454155,-0.13389376526664132,0.7489832010277586,0.3027523600610553,-0.25547119486178693,-0.1820734146858196,-0.07919723672119017,0.13464690801752677,0.04800756409786966,0.6930005856595702,0.5478321193889975,-0.09766525421283967,0.013336568328532028,0.3625214840268489,0.41065429608122206,-0.0892058267788427
-0.6893060189466662,-0.6191071216527682,-0.4599512313918347,-0.14600540342759039,0.3233957210771523,-0.27764365441016214,0.0013786774843176364,-0.1495599286341769,-0.2663548775125528,0.022988725393920717,0.37610943606418856,0.3169774489831967,-0.5430784374120278,-0.04408539429104341,-0.22553616694215106,-0.4422943141371424,0.48539769835877355,-0.2430505506368975,-0.8133658628596714,0.23456395790975249,0.5901448663826347,0.6861020121207269,-0.4192443790475857,-0.004112154212231989,0.0791229917409999,-0.09523227047653504,0.2778647854268246,0.9283245670599118,-0.018570254201377034,-0.1384622537974839,-0.056882841891777725,0.17836696346448,-0.5288120935943035,-0.046283275195872164,0.8240856126608789,0.2237337832130819,-0.22568057051631019,-0.2558389763491843,-0.041777434408820535,0.07948471221459052,0.06407182612803686,0.30136968193623903,0.5634393005812419,-0.0028398338703083947,0.0743574819245858,-0.3126980402977396,-0.06640133469798071,-0.4957657256882734
-0.19698070995086392,-0.8164333107881981,-0.494542507991086,0.06389881361491034,0.47790089633105404,-0.27673850507643116,-0.14774699752993892,-0.48916935404454076,-0.22281156360753818,-0.29269301620979105,0.16699140184645622,-0.12655768999757666,-0.7412172921546201,-0.23147340991462773,0.2542444684792713,-0.45000554973790063,-0.14133818556504496,-0.3468782067005187,0.0903152005867538,-0.08807047840968762,0.6135640345284188,0.6929924861545533,-0.5315707108213301,0.405110564878687,-0.0800953483094079,0.0010856164504362553,-0.6273211161768881,0.8179709907579806,0.41249617328277877,-0.18126338390369967,0.07413554853553617,0.04473830921690247,-0.6442159442292006,0.11157585327774666,0.8391633365043338,0.33785777546560225,-0.19636492297194597,-0.29996120394589876,0.023999525462727656,-0.04044271041522862,0.023909712954481854,0.703530930837778,0.48799874585012937,-0.16028057100083637,0.36524670966306405,0.18335619253550828,-0.24457916327532492,-0.7177807900645392
0.34642146415826036,-0.651966601065996,-0.3789105721999664,0.1758647731482481,0.42046327301723196,-0.09622455687849019,-0.10113292954721409,-0.2704895807344969,-0.12613941374680482,-0.47553320576801117,0.029194632879966376,-0.5414190886858281,-0.6400603095159396,-0.2399325851759323,-0.453858415551717,-0.4516179836545886,-0.5565901627001351,0.21883180932973478,-0.033953971683599815,-0.2139434242652749,0.6264666425590122,0.6334401275748325,-0.45133512319509916,0.2827494946667317,-0.2224994980136764,0.10062621000312921,0.5625075794846335,0.8382495545818116,0.1256905697745887,0.03693951503009685,0.14385526759542255,-0.3507124141104784,-0.6093439548703568,0.046617266509049626,0.7621470017014473,0.40257717461389575,-0.3562170966863123,-0.285502795700484,0.025485534348039796,0.033548929794812166,0.0314898575972018,0.8554471085457716,0.3822399829701444,-0.3289290418364187,-0.8023874704701752,0.03025369847827819,-0.42306905538529194,-0.8586103564474191
0.6442579033385201,-0.25736433026109573,-0.20884177707277674,0.10981076935847045,0.23968965401267117,0.03228837092345449,0.06248482761393137,0.2196001432795034,-0.059608662690933456,-0.29068732371831874,0.13268773231776732,-0.24183500614540043,-0.49451814737904276,-0.19047530893840725,-0.44158305000757103,-0.523595839167974,-0.48038268089834335,0.4702143785973163,-0.6977900578393865,-0.04942468321634641,0.7360096034863715,0.698829247515254,-0.380192025178111,-0.5158363673094175,-0.0006341513717038616,0.04989753282129539,-0.07191988316462739,0.7235497527587338,-0.04436228564138134,0.1655638069968759,0.15750222299318417,-0.08692080274100045,-0.6861821146514837,-0.016714800027759824,0.728054027369021,0.3616362795253407,-0.3948695722663762,-0.3393632748924401,0.0450145970190059,0.07462657651920712,0.022138566061082443,0.73648015124369,0.33206090310041336,-0.3600984335125085,0.09228934723770355,-0.329126021479312,-0.31808976193579186,-0.9195864361720524
0.5759134511623643,0.12999809167710064,-0.1003451231058099,-0.0541708974519558,0.13495490359270113,-0.0518538582455893,0.15309973840483848,0.40253666447196057,-0.057673496108830546,-0.11722435063967829,0.23239495402856902,0.09573869128654189,-0.3797225380112683,-0.11204239378087644,0.034533681606058186,-0.5578077868859701,-0.48926040028096673,0.06889660134113007,-0.19549612781026926,-0.1515738319745802,0.7815641570215914,0.7157451411734725,-0.4462714740068028,-0.355738340388022,-0.005654107420289489,0.11168373264413023,-0.3280449451402849,0.7563959356636765,0.03110036285608997,0.15558078549855647,0.1822673251510516,0.12229259099664169,-0.6767682271774043,-0.11531141137363232,0.7140913475485544,0.401027539644796,-0.3750933616464328,-0.32670559727208115,0.034670936476427494,-0.08186259315738909,0.008736586986168193,0.6136365613383439,0.4742428669822698,0.05088710307995914,0.111034380325302,0.329062895662559,0.665778874795929,-0.9007169343502206
0.30386699155625596,0.3757984376279644,-0.06136638238086278,-0.17111326520986858,0.14185988133478755,-0.2303990985611667,0.1323015918931545,0.24589663258053118,-0.08351312283794121,-0.11879137168524323,0.22136878484819134,0.14346059154796786,-0.21765385020358796,0.01753047653989781,0.019218894698812106,-0.5457067303321051,-0.6547546384695275,0.17451368313387472,-0.026973849946218542,-0.26755827894756834,0.7710233580283521,0.6463782039688948,-0.4634902609156347,0.20828851496800294,-0.27907754781301464,0.23044714583552994,-0.36816389526891713,0.6883315620160542,0.1731449708870345,0.11553449665153792,0.2977850287239432,0.15053448717499696,-0.6024414927478544,-0.2526595137136922,0.6506012083375714,0.4440607872993789,-0.363143672981462,-0.27311870878161515,0.008004018123553891,-0.024862520793510923,-0.013068906012811965,0.4797091159068254,0.3325635952241921,-0.27680240184871185,-0.36760943099312304,-0.42135371893365847,0.4158159629163378,-0.9056062459869206
0.04127735079185846,0.47674027942402186,-0.05957751168059022,-0.18314139641330596,0.1746406419816504,-0.33251603467355995,0.05820857931196066,-0.0429248363101995,-0.10117786033848175,-0.19465205790003492,0.16864083339068614,0.15786820465647922,0.054717639118226025,0.24674498611345785,-0.18048343588279758,-0.5333948629755969,-0.907517986489456,0.5198965453122335,-0.028337620287828824,-0.416752017895312,0.7432557737351688,0.5815354677160214,-0.3566468301109047,0.29425423604069323,-0.43016980630087476,0.2967544893672367,-0.011918181569428588,0.64922312285872,0.16323155325520577,0.11227244739647713,0.36835664211258856,-0.04924594934608639,-0.5445503770396902,-0.26491818655312704,0.6165480140519597,0.36783907708975105,-0.11564051699520317,-0.2634713560493668,0.031413010994107315,-0.02187443304306591,-0.0005884072185821099,0.37995888769758945,0.21820295910534493,0.0004016704593650111,0.5753658230527092,0.019208131626653024,-0.6313941740122504,-0.8770687924566262
-0.11897130449431337,0.4794805439936707,-0.08805371827317043,-0.13345604993440396,0.14799768964171411,-0.28918275933339477,-0.021912318906124995,-0.3643846996300989,-0.10146711608198855,-0.33826283661117684,0.07092749100401896,0.17117871187958955,0.3746419510708665,0.5127413144654411,-0.31158620179724983,-0.5342745582966665,-0.8689292657802544,0.6487743368742234,-0.1467032490323591,-0.4387614656824702,0.7179967245338432,0.5563272361573719,-0.16939127285474975,-0.24068097129937382,-0.30119384681044037,0.2433375257831818,0.08415376579689893,0.6430960431415682,-0.09400761520063816,0.19618206733893917,0.32640503752119665,-0.2325146109055669,-0.5374472882557538,-0.1248615725568476,0.6078121440316502,0.30575199795000474,-0.11036159329436779,-0.231661458076879,0.08413543975059823,-0.12315193559986093,-0.007185273372093404,0.4778462116465556,0.21303391916165793,-0.10608991574020166,-0.5404379175925571,0.3557893950737201,-0.24161608665585665,-0.844381155241178
-0.17019323381527196,0.43839430545213465,-0.14445888251765016,-0.10493509457144279,0.0005163583004175187,-0.11473077574828394,-0.061289647586088014,-0.6207086358129108,-0.09191077123929259,-0.5364716217538478,-0.07863674428019407,0.15041971560731549,0.5795318769402191,0.64787574707338,-0.4038448687088756,-0.5379656581353136,-0.48004801458102275,0.34681106873719414,-0.10111857803760349,-0.33731111284508986,0.6877123548630146,0.5228818152239474,-0.05227128819818616,-0.5621643439589495,-0.12742526961084277,0.17951024298354867,-0.19651280065055143,0.6500179268481432,-0.14935710649934175,0.20659969529283329,0.24402345589710617,0.19515735473013263,-0.5344425718885364,0.02674741454255236,0.5706131927961293,0.3410217586898221,-0.2658617422108732,-0.17231736404511777,0.1137928108404469,-0.1236680633479994,-0.04635903777985351,0.5464349128054358,0.1464741868428867,-0.4941294492932927,-0.20357017369440467,-0.6489606356964773,0.08431799341348412,-0.5045799253243616
-0.19785793548358555,0.36493679581458194,-0.21646317705457208,-0.1765668103241793,-0.2827990540582975,0.10218478340911652,-0.007707691616156032,-0.6268091984720073,-0.08632203068289113,-0.7575404161346027,-0.279651855565732,-0.032135141380500554,0.5461906161069237,0.5692668905720728,-0.21571465625074338,-0.5650127908168051,0.09270615833006834,0.0047178942244054944,-0.5104245279924908,0.018490456893677898,0.7305275837758514,0.49554863847002806,-0.13103234732991242,-0.24344817092835447,-0.13671306384375226,0.19639868186112275,-0.1338927845089869,0.6314682020763864,-0.010725755436049367,0.11909740797115487,0.26903889134759207,0.07787481727067669,-0.4338638516914567,-0.06554051638655578,0.5703278810344501,0.33828616491827246,-0.35134710377477985,-0.10882391054762708,0.06733360656507625,-0.0573088211510161,-0.06807752068263784,0.5772924617249673,0.19267870660789055,0.012615909127573044,0.33969605526124935,0.35637208667637266,-0.13617658499108942,-0.6558442392584847
-0.34210228438139956,0.1860409676495438,-0.28962733865217505,-0.3683837120443346,-0.6336997720831229,0.2079802709693832,0.16654320000523426,-0.18360318467767212,-0.10241800694363079,-0.9066624682015955,-0.4825937867891138,-0.4614133546247169,0.36572472641193166,0.4131540768191231,0.25153170650507084,-0.611496512917951,0.2856194834183188,-0.3285470967476748,-0.6463143432629106,0.24824595012176376,0.8224377125174209,0.4781626338092102,-0.29338538602031206,0.05492566823670031,-0.16953200198358687,0.17983831530444583,0.1899704914931437,0.6616597541768219,0.03211426404060025,0.037727926415861424,0.23271690860953154,-0.008190166280253708,-0.31892469240850807,-0.1981384930341903,0.5901185183081836,0.1756365232969015,-0.3571418443297596,-0.04727026442802407,-0.011830384734100141,-0.037875505455069014,-0.06495480023296674,0.39492177526626193,0.19241423015546077,-0.2331002501845466,-0.3144573551075711,-0.173588269779833,0.19186805130886908,0.44257104274550874
-0.5143182128923105,-0.14443176467199859,-0.39577298988690823,-0.5531810463131099,-0.8387032420160752,0.02667340793879247,0.3172956613541351,0.2498740481942725,-0.18241254059542933,-0.6765962070915879,-0.44072003576628893,-0.3068520765821521,0.1622642289934162,0.17704137682953158,-0.5592335999516083,-0.6079704347083443,-0.0352720099098498,-0.6368133077300164,0.6843584585382425,-0.13824121027878078,0.711421290296701,0.32083049044445033,-0.17335032205543588,-0.23673971115889825,0.019601270434768114,0.05811628602006369,-0.07773032634412336,0.792725530127645,-0.03409552821573114,0.02884172405712837,0.09816158877429748,-0.16203741096281976,-0.3789549886928111,-0.15092376655970996,0.5172177807596332,0.13691723184225957,-0.21290568939072674,-0.1396185761917017,0.05114674959705279,0.03873187676528311,-0.0318479022785948,0.5770532292714545,0.30198852335737447,-0.11655400651077552,0.1890916252528596,0.019805867164669033,0.31934064050737776,-0.8390847303477439
-0.4419927862033509,-0.493495423280234,-0.522420585131568,-0.5497609560046421,-0.7382381988132445,-0.39990617695019814,0.2622096194658159,-0.0008506507678223141,-0.3104475884431148,-0.2456057870345283,-0.22413041884014773,0.5234201673939947,-0.26908994340578885,-0.27167116119178414,-1.0,-0.6593953376216236,0.4668944096380039,-0.22186651391303258,-0.5036819943391913,0.3452387420945504,0.7133009288305971,0.2534154342428785,-0.16813105784841742,-0.1127798698136031,0.03112048876038709,0.06917256232019309,-0.08898691493436761,0.7087002581315773,-0.09990205378321526,-0.012617432178329113,0.10573586397892831,0.17477956268731165,-0.4073026727753213,-0.02980348281055567,0.49998260241302583,0.11727275614137511,-0.21779591070196147,-0.24721944256433004,0.11523088765912304,0.13264244725781915,-0.016826986691020007,0.3716514108390023,0.3640179493669733,0.06243192931504704,0.021506068322115324,-0.09368311536912421,-0.6391610029994155,-0.8886102556572438
-0.0863700715071275,-0.6402864853748633,-0.5446591570939243,-0.3446392583843704,-0.4815955902144513,-0.7451643946117816,0.09912847335189001,-0.5749072432704636,-0.3692701852557433,-0.2913121082657293,-0.3100354451193472,0.3727158986978889,-0.7209440032394507,-0.5846847548549495,0.43823963668210797,-0.7002087327754118,0.14096990089957173,-0.09181278312277308,-0.8756552578944629,0.5148502875586454,0.854173771388633,0.3295103242856514,-0.5003403024702521,1.0,-0.3229904098293559,0.2761120499280889,-0.6486420047659567,0.5074351313882968,0.4523633505502396,-0.18998648555861908,0.28644718185439033,0.3176149116781708,-0.4360390431616604,0.12993480936382817,0.6018694637070432,0.13741817182984928,-0.18815768855946702,-0.2609555287320531,0.1239420752129976,-0.0845409694651379,-0.06678162804569832,0.14023758757238736,0.09113721706667999,-0.6893243226496422,-0.6160115310615065,0.08965074920396154,-0.37845469519011343,-0.9307365963394983
0.34924735262156825,-0.4652972942893858,-0.37324207977564183,-0.08747888544441573,-0.3379705398366979,-0.7947112861642188,0.08276440513681393,-0.5703647268279063,-0.3071450545961365,-0.5634327581806862,-0.5631384897729786,-0.6968367593513654,-0.6603075503269995,-0.48454599094846396,0.15861417340632467,-0.6270377710823001,-0.9824629395345503,0.06669520807016038,0.6327267829627956,-0.1845041565467852,0.7979887528738279,0.26753851706902476,-0.32499646244377134,0.3001805155208386,-0.26516533634570083,0.2658209615469407,1.0,0.7597120635968568,0.16586027863763597,-0.02701422415263033,0.20686878228329508,-0.6542862163943362,-0.43418149131255157,0.11701777598976193,0.5669920083271343,-0.0039328865307362015,-0.20625020339681177,-0.25688541021005484,0.11654366857976695,-0.021828571674269992,-0.03909642635876276,0.40756188619387124,0.35842169192810025,0.22377501482162332,0.3060926912403352,-0.21877567120176544,0.4755661405906373,-0.8669107238177263
0.5830221098595385,-0.05892769853008706,-0.0731206772091364,0.07611390698920228,-0.3571302695397941,-0.6981329754282388,0.2630637549228243,0.14651441114920094,-0.21099395648402863,-0.2897453630346275,-0.4529116761254762,-0.8713511185526255,-0.33363955031993164,-0.20711184349900436,-0.7619293155796308,-0.6743314331427339,-0.5729981769243288,0.7055971090277418,-0.8088279737636611,0.15836964224005046,0.8663570412401649,0.24277283945924388,-0.12903249029033514,-0.975787284754192,-0.008331918203170585,0.052058697909862284,-0.09528997791895821,0.5345521616767959,-0.45807405473503104,0.2657028858040027,0.08543178686548902,-0.28994137808438913,-0.5046115011362828,0.10618587481845321,0.4693738268850425,-0.15381069993773655,-0.39678945659935116,-0.2464953384861731,0.11333412896252848,-0.12804182365937966,-0.04450037779236016,0.5954448067349953,0.14036086844162488,-0.45118877995638595,0.18650079568150613,0.19289206294961736,0.33665808705048605,-0.9195864361720524
0.41951833129127625,0.30659738778043644,0.17141583296222662,0.15653487200309435,-0.30272299342493625,-0.7489350749286678,0.3872328529467637,0.7026540560949275,-0.17203803885309388,0.28364747507964383,-0.12345807877960069,-0.28249290008310524,-0.16464434543656092,0.022305573994572336,-0.07252392881060732,-0.776723288532192,-0.11252163693996942,0.05987760474993786,-0.7447676892857639,0.27132068659448194,0.9664281367807517,0.26648942559599775,-0.3688573367594997,-0.47789622844675306,0.17074939736589312,0.07470014157215887,-0.4588596260721104,0.5888013098086926,-0.6066840319238733,0.3023821575507659,-0.05427034106321582,-0.007035010891311311,-0.48078486988647706,0.06020565120325494,0.5470797181486751,-0.1178148440580723,-0.2356064640218285,-0.1929815416255274,0.08997276929968301,-0.025756858985871323,-0.0797692495761615,0.5337102420621624,0.11703651833503548,0.11319361101010084,-0.6718445666222119,0.11726294381101598,-0.17715793340551322,-0.9410290518786796
0.011505101805809437,0.4421962527214707,0.27696527027313356,0.2989721836931447,-0.0414884697973007,-0.9175436218653069,0.29127298588034134,0.6004283601748917,-0.16757920596208975,0.5661189747582926,0.034358485962286744,-0.08529529608587982,-0.07415255263698672,0.20642613750234484,0.23739384290582421,-0.7872723320736777,-0.23042260459735187,-0.31232221896573964,-0.008674036632956739,0.10225748568057291,0.9373647889491785,0.19455431080632568,-0.47241794888173394,0.15409131498123152,0.2785512940983925,0.12587720828736249,-0.10846382108377128,0.7085252462834308,-0.4573680689528038,0.23600770727250842,-0.16845594348745263,0.15423251637508306,-0.45210303483490677,0.02695114917871444,0.5628858525363318,-0.0022134779814408923,-0.2913379312148344,-0.20943284101153492,0.07791057179426453,0.10001786994909612,-0.11171498903965671,0.5697379350287113,0.18511365954128167,-0.18867228157248273,0.2777618915959468,-0.6550019841635804,-0.8391320605767773,-0.9280504393562314
-0.2858176866544513,0.40370395576708407,0.30751705606945023,0.5701425660242512,0.27344683865270913,-0.922151445677649,0.0788588883779553,0.18559699656112016,-0.13179717082293263,0.6409112196111588,0.07552650990917109,-0.08177607849484403,0.0786141037981638,0.41693060097214385,-0.1051394309232423,-0.7656812493567755,-0.39442721509925016,-0.062228631925178246,0.009084849927454064,0.09440077385278656,0.8595615996617783,0.08503485550216783,-0.37680960001154307,0.28094790230460953,0.2711136755751382,0.13079197725042757,-0.051662222136686364,0.6669536542089096,0.004206620958813634,0.09581880456702474,-0.1864150540051186,0.32059134400480316,-0.47219344993405143,-0.011194374086831438,0.5214853741327641,0.07514903941002249,-0.2825154249473403,-0.2570750043487168,0.07522022373105619,-0.025322981137993694,-0.11745680054165253,0.6169093770162368,0.039359663778893994,-0.009062405211891389,0.3751907546458577,0.6246868996328472,0.24500030561382236,-0.9405389349482424
-0.33174694994750875,0.33356062890788074,0.297747823529694,0.8621881404816327,0.46184397718510106,-0.6397599140737589,-0.13343441074915752,-0.2694234521001383,-0.04950438424857062,0.6203661187574163,0.06444173305494716,-0.0013237128459278047,0.21949944879866168,0.5861031237518688,-0.3447823171488923,-0.75321650549612,-0.331547440189198,0.04999067305817584,-0.08712249903970692,0.16293499372228704,0.8019391313889792,0.030674545635662742,-0.22057227244759303,-0.05999874515323533,0.023657022732299415,0.15265903482979892,0.1623434501944805,0.6371061260947297,0.9836979921248399,-0.22500012406327996,-0.11521217382328242,0.8561853875638876,-0.5251829489934822,0.08195317956295933,0.4885287015912305,0.19054697551969157,-0.29480400012862684,-0.24186404238069714,0.056581569640804075,-0.09982254288376957,-0.1141192106754203,0.19877626379011093,-0.1297217139318787,-0.3931317239379869,-0.7438638864134242,-0.44444710686976996,0.5870365729143086,-0.830151954034937
-0.21020892707543348,0.32644338257448435,0.2459016734815087,1.0,0.42177864706532686,-0.13655209661665357,-0.2659344847187295,-0.601365983911514,0.05766611056771054,0.4803015995339326,-0.03976291831972378,0.0046691619527985395,0.18065088339114221,0.5562054568952357,-0.35738165171700587,-0.7391623892581083,0.1119246507687981,-0.1821787460778903,-0.16196475286409984,0.2799718592708009,0.7954249623288252,0.040322515993562735,-0.10339994327306512,-0.6288631507383435,-0.33497686212400335,0.19005749517167447,0.17373505782615695,0.6121005891707227,1.0,-0.1812858843359474,0.08262378553022542,-0.7797565032526893,-0.506472029284655,-0.22429058071026786,0.4812441598909376,0.2850653335752824,-0.5439110461179705,-0.21961794136512203,0.010232873092904882,-0.055878146992731303,-0.09872815761593245,0.5482856658281157,-0.06336429136256061,-0.040830229051149525,0.6219526596796268,-0.1391292862366983,-0.5270655243574361,-0.8011006682388616
-0.11183718279940291,0.3678035568321789,0.15101575582428084,0.8537387125127398,0.14219761587617707,0.41236883693295545,-0.2532177015346503,-0.5825726173539276,0.15442665227948082,0.282587893675738,-0.22041351483817584,-0.1747209940454688,-0.0787359880331876,0.31390001268222245,-0.16299490630586677,-0.7242248320850353,0.5559846843146865,-0.39911535445293544,-0.3234018551683858,0.35739390099050183,0.8659554114214345,0.05380118139075307,-0.2355130791950426,-0.192214049953098,-0.7246763066492343,0.3419916923888586,-0.441920102960206,0.4541691847334208,0.02943160382531196,0.20095513470723314,0.13674846928237439,-0.3093038078862904,-0.4833402509385408,-0.23677892376992205,0.3999104484455027,0.1225393659854268,-0.2484073163083108,-0.17124412158254687,0.027033626770648356,-0.12709202931267694,-0.05421452487527689,0.516386256355799,-0.0005944367993008237,0.017083247754796416,-0.3820002752776058,0.5067943717515664,-0.11455299157968679,-0.8621676567489793
-0.19863260661735738,0.3320110649124104,-0.002460718765543324,0.4231881118744101,-0.25081596329147005,0.7667874263187195,-0.11454486659112284,-0.18216045828169336,0.1959345675513362,0.1951655578819358,-0.3659072093240867,-0.3615678200810092,-0.3936509700145573,0.03959703211829013,-0.03183179729077312,-0.701318157353898,0.3887025502397179,-0.25002478457667254,-0.23226967818353406,0.1582051032514158,0.9512886041421786,0.044725757998505644,-0.42350791709326285,0.5662336188712267,-0.7572823841694326,0.5094035698444628,0.03929184627602078,0.4233149181834024,-0.35705193792807133,0.26607252830546146,0.16739728100021511,0.09728659360208569,-0.4407180645027815,-0.14591825096923916,0.38109785421739284,0.10847464101721149,-0.1552949393190397,-0.1076505784881544,0.025915037429325993,-0.050328445094988794,-0.01914345976191778,0.33500405601167094,-0.024202965709645974,-0.24763916374473094,0.004536245183171639,-0.687192141326805,0.6419455876964371,-0.09778287306149347
-0.45522421700804094,0.08410411576763566,-0.23098035679628348,-0.1317788180630194,-0.5328493762934523,0.7484324574057919,0.023601999081334535,0.28489048350723944,0.15477216610551614,0.31056813334381017,-0.38609358491517065,-0.2990246304884856,-0.5816682858804139,-0.07646547403286097,-0.049163460867281183,-0.6779147933795557,-0.08350931910040993,0.20822880768644292,-0.2563099874532815,-0.08592357260306438,1.0,0.049699595209034886,-0.39142931600397846,0.19693359188549886,-0.40916698491045933,0.45098954369632915,0.4444292693981311,0.4490350497524944,-0.22770354340867327,0.13735221690706312,0.1196132956083229,0.17023264607584476,-0.46210674344806457,-0.061199582193438684,0.37098703841043656,0.043097825027612835,-0.16408365327349395,-0.14011904245128204,0.037808310210366125,0.08555402139582391,0.024097063277948028,0.04069638025989608,0.06941613425146453,-0.3126846871006398,0.32749537608191126,0.4896761838601602,-0.43298548922820934,0.8346645870952607
-0.642877641703351,-0.3642638468323983,-0.5104474550984325,-0.5653609461495774,-0.5225932620239981,0.38295992198998174,0.009301603139361792,0.3498441183114478,0.051697130921440904,0.5255989651548985,-0.3122599885540168,0.05497642500976396,-0.6465508056686595,-0.06229555936081832,-0.1982639467094237,-0.6360654096883329,-0.31491652061281594,0.3272949195526822,0.040123441434660734,-0.3157015779904453,0.9500449711711878,0.034351170104313766,-0.21069990971498276,-0.7275184971730867,-0.06937933370836535,0.2594895567917215,0.18639238271275027,0.519697328520984,0.0652223003638559,-0.00012687504019404106,0.011415985032547038,0.21895988594797444,-0.5332519409663015,0.06815075285649952,0.33480061012586804,-0.023464454184674355,-0.1636473557180852,-0.2726724770831105,0.10429489563199024,0.15947271887644532,0.05508342234001895,-0.28474844047539805,0.24887212022687,0.19919890198950863,-0.6803236794884739,-0.006482899104586215,-0.5848048848340869,-0.4767934574132854
-0.46537265788003235,-0.7841208087453696,-0.748972312765658,-0.71150032744311,-0.2339292640908519,-0.07954386161411109,-0.19480334916698006,-0.1672466222787633,-0.04233716869182136,0.6006730211547531,-0.2866640220234097,0.41135104448545023,-0.7573366141434075,-0.1356409245263701,-0.43322013955942285,-0.569951713150703,-0.06578329273698358,0.2355691480017097,0.13941643301790485,-0.34623541981445616,0.8602851051568661,-0.013321604268162424,-0.11507838216094446,-0.9238671792936662,-0.051471913815807846,0.19565579019421597,-0.3826137368539373,0.5202747490110851,0.10274286487367412,0.019347948112188318,0.009754514412291027,-0.030042872819641242,-0.5698405148290535,0.19849471739237634,0.2895439501005972,0.0005046460138125042,-0.10511687737389752,-0.35683351390247253,0.1937617912341385,-0.09176245644403347,0.07513872046090664,-0.27460099057910825,0.21835705715017584,-0.6160041956881271,0.16629543781752654,-0.5019635729607621,0.3034914757536633,-0.39552890830208676
0.07259480213295655,-0.8915101847870193,-0.8109698098044451,-0.6387644924035405,0.0780518028222763,-0.31848408017874585,-0.4026677489717544,-0.6908908600861696,-0.04000177964203455,0.33204167200539136,-0.47200147807903126,0.12883294055451056,-0.8498425010467672,-0.19153462272989175,0.016783260017185553,-0.5191339054436224,-0.030245407480857356,0.5484946969435733,-0.6289294539711954,-0.1245522662779126,0.9124141957858916,-0.028427806054281857,-0.39694253608607966,0.6346094742767836,-0.3637211814394009,0.42885118901073516,-1.0,0.26261425157268703,-0.4675390861537627,0.36275821198405866,0.16601295703510144,-0.6572634762016196,-0.4998577426140367,0.23124318702603452,0.29732090398086375,0.1469556975865296,-0.1282372826944539,-0.3472324311393029,0.25641857209649954,0.07163013132993457,-0.0032302308627321086,0.39387239877046754,-0.06711073468700413,-0.005462807544757808,0.06435215459247612,0.3976807669759437,0.3320449324902368,-0.5194810610320084
0.6415558292641681,-0.5952829486714217,-0.6584185626148036,-0.5611164721388878,0.18592740285346587,-0.2739027479264923,-0.4114088635534324,-0.5705605436219279,0.058235525992238024,-0.0030955270141074243,-0.7130172170716177,-0.5562518049592543,-0.6509648239628333,-0.027710714720787233,0.02202085363974704,-0.4313298380174243,-0.8210498518273139,0.6985318001769012,0.08944073457906443,-0.4556616884219714,0.9020821412605624,-0.03326878068986905,-0.34870747943975755,0.4627706651716552,0.12415053249772945,0.4659007361401015,0.8773492628382284,0.5094025029738785,-0.6108488081840093,0.3800729966433174,-0.0420020562174257,0.5568359940479686,-0.45626341473419463,0.12876155835567316,0.21751636031639765,0.2750894857326551,-0.760244759179477,-0.3501893550729175,0.20074563497006181,0.05071645095773958,-0.048117514974501785,0.03148989773046629,-0.01099812728928029,-0.1219087669206268,-0.3644228368611967,-0.3634462822946336,-0.29214699127934407,-0.8194800531302563
0.8744592493510701,-0.07388360381305059,-0.40187137411595775,-0.6119203052540436,0.1201878886182608,-0.18295517002049744,-0.24339561304876722,0.10059334390482921,0.15871892802589316,0.02600407713973718,-0.716168190398771,-0.6862104048403046,-0.21635097629003164,0.3063708684468025,-0.4709888756983691,-0.3969198358899323,-0.8441067985720279,0.9776458122898246,-0.5500824297423286,-0.1912645564281812,0.9160149550084211,-0.03022881366954344,-0.17499905223742296,-0.5945760119160957,0.5290807703423104,0.2633775179716138,-0.2821570676291246,0.34475929307422315,0.24249354409568036,0.018375063245783307,0.02836857540049076,0.19706471860762997,-0.52023667659787,-0.24836496950512588,0.19724999509721486,0.08268616004737939,-0.3334303548831211,-0.35710840991500936,0.12418840685895849,-0.28796509405927395,-0.019608884546437833,-0.09010144316837099,-0.23476034321355033,-0.18269455017387848,0.11087767245697955,0.209127258993568,-0.34025902891027193,-0.8974086450697695
0.6573565776962671,0.3729929218401189,-0.20300935322385605,-0.7237406014910535,0.10436139749579154,-0.2855185840336476,-0.12202922610087796,0.5904720110197141,0.18421153631065157,0.3222723494141917,-0.5256480441743263,-0.15171966247221558,0.12702731674823342,0.6052430520065666,-0.21564166950347063,-0.39311561907493164,-0.5307053342651264,0.41103003795444537,-0.4807968798549842,0.07205099935534154,0.912409970574148,-0.03363137111510006,-0.2590952415555581,-0.4440924662421246,0.3334033662210725,0.2639899959847851,-0.17386270388068037,0.40392380994640575,0.40566129398415995,-0.09866629837630136,0.027157419430864138,-0.10361833984846414,-0.4626484427937232,-0.26587785689497234,0.24712015198613768,0.07128496579426646,-0.2227996262993397,-0.22332873601708558,0.08695738317875645,-0.06665797057219625,-0.05755954600494917,-0.08436496101725366,-0.09138683924080993,0.033220419295856285,0.017822785583174072,-0.22635487387609188,0.29215325472465214,-0.8547415947416778
0.18711933380345225,0.555270535641117,-0.1254378279431838,-0.7247816817866981,0.2693082801470663,-0.5398041210220388,-0.19564202359051208,0.4698763896860425,0.1581439415582897,0.40723805805124824,-0.45805834325239403,0.15248028889407084,0.276428256692969,0.7643695154340278,0.13720075515697894,-0.34984456489208426,-0.29408802620099905,-0.08326549107113357,-0.24759053392684938,0.2334844534867846,0.8696131379540382,-0.04385868774738866,-0.315638864356383,-0.27073533777208314,0.05734719594330451,0.26258943494928855,-0.07859402834646378,0.4485739906474935,0.336656824128146,-0.09836778473174079,-0.0148666009790549,0.012104937662273496,-0.4223131257257037,-0.12292254033795236,0.24372220609279216,-0.016271010200397784,-0.14917245055558992,-0.2046217901807864,0.0988443220253079,0.05870549082538479,-0.09433913726057586,-0.23501002262930815,0.015018233405160064,-0.27703404588853253,0.36457497146824625,-0.044300906168044385,0.2654136278014514,-0.8194800531302563
-0.20661642180553708,0.5085308677694416,-0.1015145142460343,-0.5318372569655254,0.49844207876757607,-0.6918671748626268,-0.3739311763671922,0.07532805395854436,0.15142217209866038,0.23169947139839753,-0.5555851320048704,0.04776336337038778,0.35387324444997903,0.8429840328688682,0.07638375700423539,-0.2773509806198625,-0.20109141314786583,-0.280487956649319,0.02035152508373428,0.23626742461199868,0.7929936862236924,-0.0991649416116629,-0.3362653073955134,0.04883565064933748,-0.2698120655233113,0.2839940261938787,-0.2025945432783849,0.40750856013062187,0.31572430353258873,-0.06376446223301513,-0.0033689791041718875,0.03216360408609509,-0.40407285196151754,0.011752203452983778,0.19287191495335354,-0.0010630602390685473,-0.20350089837561003,-0.20973086026133936,0.11378301443078143,-0.07345498459616007,-0.1283271601330499,-0.23732793063042812,-0.14943942167197177,-0.25599734067619684,-0.6082779570856995,0.19746509150279734,-0.6354879591535436,-0.8005077848552683
-0.3710873870047319,0.36705982533919723,-0.0748009398771804,-0.22320944019973898,0.6240706045671887,-0.6107399730000624,-0.5219359009669002,-0.21014641664570533,0.1880591740902775,-0.0024406216191104058,-0.6942938224374195,-0.10415514459274422,0.39408453740784477,0.8421094443175421,-0.2656862276483901,-0.22591818249324702,-0.08007210491660044,-0.1808218375533971,-0.10036615368824431,0.24984901994484066,0.7460750804444662,-0.14439512352065442,-0.32599801425034447,0.20955758381759826,-0.460698561509304,0.3211425789612956,0.08652163104245414,0.36339975120265855,0.14747446726651692,0.02816050527736058,0.01750620308240136,-0.10932685140258447,-0.3806980808385507,0.0341473877698284,0.14018883462090193,0.05279619825304249,-0.28269890565683675,-0.19139578781175448,0.10356023027912142,-0.05940064947442458,-0.15142042993416116,-0.18091064963149628,-0.25395575545523186,-0.05125973980697529,0.0798858230074111,-0.46602686297280815,-0.48682922332826006,-0.6945002358687729
-0.35736690946998373,0.23097810305553712,-0.04508412101625359,0.056812762224990765,0.5745769564943797,-0.3648480126487782,-0.5809061899742116,-0.28782838475227923,0.2433727280766944,-0.1824591270290732,-0.8093766900667521,-0.11272395167120486,0.32240114157216193,0.7152885395185198,-0.37826035696341054,-0.20716985880947503,0.1518206700580227,-0.20677089273687788,-0.29247973500970037,0.3117135205967878,0.7520532367450676,-0.12086178159745031,-0.3009923260550008,-0.11279065905782892,-0.2907503956587656,0.29429313589959905,0.23351445237600577,0.358958742895813,-0.18738166172493587,0.13847292875289097,-0.019462172533970645,-0.2734122935878467,-0.40679906874575156,0.004999974456548539,0.12948857341231879,0.040581627551592,-0.286673761210983,-0.2339126020128317,0.10208393495055779,0.046626680793208086,-0.1588664673560094,-0.12087876656176699,-0.18744539705077012,-0.38610994404976307,-0.03595472536877187,0.4757106651855074,0.7635115985806544,-0.8360807878708708
-0.29636707185759903,0.12161660991072654,-0.03146202565111367,0.20939806100990732,0.37774735618155075,-0.1040697384571948,-0.5522460730365186,-0.19333772017602602,0.2856103658415168,-0.32360140834440865,-0.9208616285934359,-0.11868854663043493,0.10346081561570797,0.4569331846354241,-0.2477403600409699,-0.1940865572481565,0.39430493642805153,-0.42257178900103665,-0.33445098499435677,0.39583050159164124,0.7843108330659245,-0.08437563799974634,-0.3659808098537516,-0.17336028851601837,-0.06646350384956967,0.27797292357845205,-0.06054080939406803,0.3294768971755011,-0.32107572386299577,0.14767019677394333,-0.05840919265303923,0.051092337768104956,-0.4601121034375345,0.008959929897415453,0.12875403232825877,0.06460519306122814,-0.3281198621896473,-0.2840620197048648,0.09051475668882691,-0.011053589920252072,-0.17469238164811074,-0.09895725021744683,-0.1166614216338403,0.2281226790838875,0.1376780889626923,-0.45163143006684425,0.46944657235105147,-0.7067531591297025
-0.2707183620282301,0.0118571869973787,-0.04226708776702259,0.22661352396800583,0.11400856704173057,0.04622144776287462,-0.463682686384305,0.018572786024241728,0.2945853746893299,-0.3849917926210974,-1.0,-0.12959528605179294,-0.1924840835267223,0.14122514342134695,-0.19248324699022634,-0.16583147947811872,0.3249399638824264,-0.484608709944629,-0.19599377454438927,0.38651035781791676,0.8019860096107128,-0.09011197344207789,-0.48575052692903853,0.2573947194115094,0.011381699397802869,0.33053079679805664,-0.15859708382299986,0.2892738301949904,-0.24295387316335326,0.09044402742049629,-0.01755859462610454,-0.03933153498837427,-0.48284711485670695,-0.04636863614617559,0.133190870027037,0.13506036681478295,-0.2722215327748161,-0.2725035923189121,0.05253628393422538,-0.12696907247000888,-0.1695391171383962,-0.03928968158334567,-0.077482345517082,-0.26722176524042784,0.10220146129945129,0.23619357037205924,-0.7042525046376589,-0.35999543084539043
-0.27359343654166113,-0.12273426062426074,-0.07708608222988012,0.17459704014478628,-0.11285815370818153,0.022154504636548777,-0.3744604930720459,0.20097224390755075,0.2645128636099632,-0.31881508019001936,-0.9985271284710601,-0.020593700234207257,-0.45479015492818786,-0.1156975777991317,-0.24719979709727236,-0.12662682024807914,-0.02908925074083535,-0.22859448811342475,-0.17011873388586818,0.3438878317434326,0.7969903040829973,-0.10152216019797411,-0.5040572193380917,0.3576582175397771,0.11654955642340581,0.3481099060101174,0.14264129183603358,0.27903513621751586,-0.2411308035377736,0.0720872375942525,-0.015119499991874563,-0.09667456937718999,-0.5038533507471459,-0.05908927516879736,0.11863276624169772,0.165775724131505,-0.2626711968481914,-0.25015856745470555,0.021503714782227457,-0.016727993174270095,-0.1618341800839217,-0.1279696961152097,-0.08785440298460645,-0.08657453390824266,-0.6444690818532056,0.03746439640700472,-0.5287842143026591,-0.6700734404647257
-0.2357214002860164,-0.259842687554943,-0.12007691468145265,0.1433850095153435,-0.23096793017353456,-0.14446321253498773,-0.3434497416427299,0.19141232856729729,0.2128339954207803,-0.19408401422994903,-0.9452791080282532,0.15207391699233108,-0.6244160327891677,-0.24797851328410114,-0.23410549733319608,-0.07525905961893087,-0.36781399662149783,0.005362201266066791,-0.14944570564735593,0.32052717725447444,0.7635762894663627,-0.09050480019470175,-0.40445614168680144,-0.11792020598331321,0.26551584117318994,0.272380583511185,0.15914566213760506,0.2778259527342428,-0.06270395709884702,-0.012001223124280092,-0.052365469456071345,0.12785821585716928,-0.5504512029570799,-0.04052217549527648,0.08716714911655155,0.1528399447779749,-0.3255026586787325,-0.28290586888410774,0.002293106951764212,0.03327804242492638,-0.15193943666794973,-0.29195175569705667,0.025808286296745475,-0.22205404465643597,0.43759207684073953,-0.43054538515815244,0.37910133124867573,-0.8194800531302563
-0.11716505510109132,-0.33764114646212107,-0.1321618491748684,0.1773906624201338,-0.2647660498657596,-0.3290664116315196,-0.35961453049035075,0.0560445178673763,0.17840894111060068,-0.1409757125083253,-0.9248167228996573,0.12126295077524918,-0.6568985655347878,-0.21290312985176885,-0.05989324374783678,-0.017077334859444626,-0.5813019141977593,0.19714825655632073,-0.2898480206711933,0.34205342994203103,0.7383794364154159,-0.08530172385179002,-0.39141332685056707,-0.0913885589729152,-0.04918032296310215,0.27320264145083173,-0.3409224656769375,0.1526437728973573,0.5221423088904127,-0.20583323128012632,0.040408483119446004,0.47491564531216923,-0.5433895483884569,-0.059070420617804875,0.04603709221206742,0.2159774517253652,-0.4092190002915238,-0.2781073575859976,-0.04974117882977047,-0.05327757175650094,-0.17019843314863936,-0.46335077534658464,-0.06703531287533004,-0.17342910745062912,0.03449562178539911,0.4177935371224417,0.39505327025668846,-0.8111796857599491
0.0474864290843271,-0.3067300332299684,-0.08463132534556639,0.2530469693801791,-0.29294451336682126,-0.42851979364756854,-0.36307794385282266,0.006669316261466607,0.1834437380036089,-0.12851524388155977,-0.9221028070206571,-0.084511769455753,-0.5345107946960299,-0.03360096515956412,-0.048017399429345575,0.05091023164341957,-0.7877173442965415,0.2923208914613833,-0.11781778853137226,0.1757948492480288,0.6994024877457785,-0.08516724692499689,-0.3419414495990022,-0.21199250196412456,-0.43402244324118633,0.29695820092605185,0.2006646909160097,0.1792022390070085,0.44510877497358736,-0.16276626495094704,0.12633351798512904,-0.4553579077339518,-0.44695689092123503,-0.20968942463229312,0.042451574740175024,0.14150903315593655,-0.2275619537195107,-0.2621646928027833,-0.09855789358162315,0.00964978579968312,-0.1389633117012785,-0.3692261074713682,-0.0760893732728054,-0.09905291814454242,-0.16616517055605362,-0.4887575984404633,-0.25869300505919224,-0.9411515811112888
0.16342768551897824,-0.18265907019504546,0.007919350018599225,0.3177254471321149,-0.35402036789030733,-0.44721019358452807,-0.32726233191788123,0.12532720034934508,0.21510165071221454,-0.04994716394921184,-0.868437015020135,-0.21268268494174092,-0.3275108010486778,0.20845392216377046,-0.13694994126974847,0.09423971523021413,-0.6524065725792789,0.39513247741054625,-0.3529874906899749,0.09491650611131641,0.6951214700299546,-0.058245877008593405,-0.2892399932126959,-0.5724808150094076,-0.599885443183473,0.24767337723515426,-0.07660155461866824,0.11585390201824564,-0.11127064346989068,0.0381726511577507,0.07195982685688329,-0.11183203345158665,-0.4162295011953421,-0.13804162643906193,0.0012075056178240118,0.08091631627457407,-0.3032270282322621,-0.2517804785618709,-0.10461167909754432,-0.010102292734398888,-0.14355335479177933,-0.44609045008272474,-0.099615960022576,-0.008855731281242729,-0.09283112765318602,0.47714580942128215,-0.2851794167488648,-0.9489934519982838
0.16324589465185646,-0.0381155011281612,0.09725554960535931,0.3510572322454213,-0.41563750245438524,-0.4537568854158003,-0.2917954189104026,0.2679016186006957,0.2464584453365859,0.10343716973634876,-0.7557569131335805,-0.15061541484368168,-0.14628766614297395,0.41656784145923487,-0.10404055912400845,0.12305376497489529,-0.38729514272466825,0.2148815796157697,-0.25806178472590346,-0.07325004634898191,0.6910065680690605,-0.0357098327365889,-0.33394178566980326,-0.4936675768497779,-0.5876696491409678,0.23699307121575153,-0.14194374968140655,0.13672128058303978,-0.330893513514394,0.06001787576887807,0.02529836830644605,0.08739549843031003,-0.3707702106800064,-0.11868250700600957,0.012478682820352915,0.09478351755384717,-0.22078516355897837,-0.218346479845007,-0.12881600089236356,-0.10502191632038149,-0.13676017272476804,-0.40475322338341935,-0.13762527825931148,-0.36465372028989695,-0.33593624644873477,-0.5467733575641143,-0.045352506494107825,-0.9701238157895516
0.06574906757726162,0.056970815346288006,0.14662678187733702,0.3748296315802577,-0.4374929613406022,-0.47644384308078236,-0.30501199547836866,0.27186930695868927,0.26857945273741035,0.22644758713912094,-0.6529964504308049,-0.04931715586927232,-0.04338136289846162,0.5388840366965351,-0.060896487399288546,0.15151075251796686,-0.14414415948007064,0.13274505066494346,-0.2628239203567466,-0.21429676121274888,0.6856948736327286,-0.02183208203482978,-0.40376356185395545,-0.20297043249797897,-0.5229836787118076,0.2518417599155507,-0.14705029792534874,0.14010136466294876,-0.3405778179524621,0.00042666515151634776,0.0234815698223525,0.13928234835732622,-0.32821864718122684,-0.09977401118447882,0.034314329173891434,0.19067562458354725,-0.25041288403482986,-0.1632629652198162,-0.16065695830743243,-0.08041890879238933,-0.14491319667622127,-0.27706961109090755,-0.16741530321254428,0.06920249519347199,0.83919830410306,0.17562059395891771,0.50841262457054,-0.9537839497377184
-0.040006406546051476,0.08934563015269603,0.15555537967525845,0.4118239364010634,-0.43146143833998196,-0.47692378302588057,-0.3659831400179169,0.13321912918869216,0.29081416863859966,0.27385057973549,-0.5913438190055026,0.015917161940310454,0.009858024176405245,0.5964036277836808,-0.07422894248292666,0.19002677851730043,-0.06745011351542485,0.12099111227463188,-0.1094549798749812,-0.40812283189006104,0.6575445430766471,-0.017000191922182495,-0.4270261475829621,-0.01493418298896454,-0.37355815941807446,0.25838627425061955,-0.04887700074358492,0.1599289818359353,-0.3225845703291116,-0.05841958308924422,0.0260974427677243,0.028607431035940545,-0.29757199613798,-0.1483563752536532,0.03916881211279244,0.3068502416939991,-0.35058596000688835,-0.15488182122763616,-0.18530903318498138,0.001156258403257393,-0.15275904352626002,-0.08376627124479818,-0.13992446213442233,-0.15944024860764727,-0.548304079467019,0.10078624569594918,-0.0860740869908333,-0.8764126681787828
-0.08726130966149948,0.09013171953011168,0.13808278379149663,0.4500162104673353,-0.4410648615936035,-0.414586363884758,-0.44261513562102606,-0.0649829504340741,0.3223022612756907,0.24842346078457145,-0.5740784202278981,0.029688920315007694,0.027210437772107188,0.5950511076928044,-0.1657865328285002,0.23008152690326544,0.03569427839613004,0.18121916561915663,-0.14160180140038714,-0.4878914075753067,0.6235599296181813,-0.010546069698754268,-0.3967785501508073,-0.0715235419619874,-0.11480893612488419,0.22551189801315363,0.05493005732995293,0.1723359880525719,-0.41392027050525315,-0.06856118368277997,0.005827022282197669,-0.10467864352563894,-0.3032906284510688,-0.13416740698117968,0.054105248380432513,0.26648511529583585,-0.14333104149772524,-0.25607396169632946,-0.15838591042652117,0.18669631505599993,-0.13519438648429138,-0.03308668949071625,-0.04945178966812103,0.042559960027975796,0.08524172756502324,-0.3727434679190781,-0.7694392628581617,-0.8770371720095012
-0.07752815770108346,0.09393255242262688,0.10869419791965651,0.44826966711648186,-0.5066334629808419,-0.2903586479686949,-0.4931509102133653,-0.2032057369427096,0.36286246254151333,0.18174187950244813,-0.5895325740844106,-0.010347598353555032,-0.0185134856682585,0.519998406082073,-0.16949357418406363,0.26449442145543056,0.1911473906589818,0.13283685355832908,-0.2004896476778799,-0.45641651387335014,0.5973957608037961,-0.00046677023003771634,-0.378684197936633,-0.16212959216606315,0.16435504870403617,0.17358028248261737,-0.012477774075329684,0.17324987682359683,-0.32123152110581954,-0.11208566167126455,-0.028378279771649972,0.12494840616357128,-0.37801117053914113,0.07949119866943022,0.08682895033456561,0.28167686866845454,-0.09434277381010447,-0.4223631808338757,-0.0950776273480306,0.2191535059472547,-0.1396014352817465,-0.029483190292378003,0.010821123019753909,-0.4230826636437649,-0.07272061897359994,0.33842637803026454,-0.09665336714510331,-0.9812858336246696
-0.07152369755034738,0.09852142636074568,0.07182466747439986,0.369924428316176,-0.6292457306700742,-0.15879519341055304,-0.49334189986275445,-0.19210848387564683,0.4026105498676671,0.11433684423909019,-0.6191790422553314,-0.12366071773246168,-0.12102626108389114,0.3908835870194667,-0.11369586987839453,0.2935684843465225,0.27958535333373336,0.059503851692984444,-0.25467816171234925,-0.36557494518187617,0.581143353091307,-0.009541223847854385,-0.41130711287706145,-0.007859803562900725,0.289508625844767,0.15052585764220527,-0.10001684580042125,0.15012436603840307,-0.07369955453029453,-0.14868493808180427,0.0022961802014926924,-0.012619827477989287,-0.42218120224170497,0.11669804313328158,0.09449130438409026,0.43514908872063573,-0.38918708371784827,-0.34754356500911443,-0.13622917258261802,-0.48088966821769674,-0.12076389940769305,0.06714645753758264,-0.168742570928741,-0.003961362568375648,-0.07989260131866571,-0.29862463187431065,0.8214952264161557,-0.8008437521059711
-0.1275839213749349,0.06192669298828268,0.024463168434688987,0.21921379575045652,-0.762941156494415,-0.09651697900166067,-0.4501395543685238,-0.016070886881128343,0.4282600303873576,0.11069354724608638,-0.6201881773627678,-0.24850334428740428,-0.22091009445422816,0.2819487804083516,-0.04107074455886994,0.3140797968646458,0.18503876212214676,0.08658437300995425,-0.31611802987386095,-0.2810109117519395,0.5699730458571004,-0.036969145026332084,-0.4446686657565103,0.17760057702780063,0.3014423512422637,0.13118389664321328,0.0200221837691692,0.1343490024625844,0.037042027689938584,-0.11167108879813126,0.017497046269448813,-0.10256752148296511,-0.39504142352527316,-0.017694647415148257,0.05654783421918297,0.4484750394126511,-0.4351383867055052,-0.13467833653882078,-0.23428412056906744,-0.17617651597660822,-0.11535436735729365,0.06301019407193742,-0.008135940809745446,-0.10450450024545976,0.1516252960505362,0.032999500564224515,-0.12520469426455183,-0.36544995797444946
-0.23039366548335938,-0.05667174655135088,-0.042748291875428834,0.05604054209725029,-0.8242533246433812,-0.15935162489667765,-0.4172835559792708,0.17734906027106923,0.4301661168582698,0.2164867406657771,-0.5492899547751215,-0.24270386492768037,-0.2608846691240434,0.24504629657733257,-0.09479099541060343,0.33417036040689063,-0.042372267044086476,0.13479036190898452,-0.18534330329211546,-0.27594517456704293,0.5239102982986368,-0.08424005552353753,-0.38830563658978157,0.0361516492992926,0.35847273184414963,0.05192379052205731,0.10852832583248428,0.15851979465283095,0.07258358132241849,-0.06809878298346805,-0.022392135029239424,-0.13060970126030524,-0.3606144186125805,-0.10418074871041638,0.008872182733351774,0.38263208872856835,-0.33877594010373524,-0.0915821144070943,-0.26504433214708223,-0.0013681116951030914,-0.08278373195382427,-0.004843386065720101,0.09995015601067392,0.08824978745088186,0.03582395019584461,0.03063142264781682,-0.6021217587140981,-0.571397882655335
-0.2739829872447145,-0.23267642854590898,-0.12613062011172815,-0.03500062536720083,-0.751392940910139,-0.3223926728433031,-0.4604443006674055,0.16269847128418302,0.41674835054484416,0.3819799987036532,-0.42243341695707604,-0.06101036251488323,-0.2722996976042721,0.2370274030570274,-0.23703356495555694,0.3553766247152925,-0.11692700245234933,0.1480408973713785,-0.14402072592375414,-0.20363581145150367,0.44682526993077554,-0.14155794895517482,-0.281942599629904,-0.2212222297001648,0.39497636830318106,-0.047287408504655626,0.012125187685789296,0.18099728791160952,0.11860054369347561,-0.047731400072979935,-0.07009755830934883,-0.0373272679276192,-0.34226437454836967,-0.09095258353702684,-0.030114231286303306,0.3414357896068574,-0.2851548123891269,-0.12328770306787451,-0.24649127099372126,0.02736397112915756,-0.054134262213451856,-0.10018615999211022,0.16134619610673795,-0.0883228978660262,-0.15957237517111744,0.05756578827402392,0.40555720653652405,-0.5667931550427597
-0.16857486781818531,-0.3678379751065941,-0.18821036698964544,-0.020023509242960702,-0.5796519097542914,-0.46759375844412443,-0.5743947009304424,-0.06549376537464002,0.42169913139994875,0.45331107867397646,-0.3407908333805222,0.028653759306230375,-0.30864137773412315,0.2137137305230239,-0.13447088184085387,0.37537442046020786,-0.04664461699994904,0.10520363987858716,-0.301743738198923,-0.025067217387909735,0.39228370682747915,-0.178906359147588,-0.2537359352657962,-0.14927324463854308,0.2523273233630363,-0.07443500105964262,-0.14630497380426866,0.15893043285463215,0.29941499377896674,-0.08880025462164287,-0.043376973093443016,0.12850461121368006,-0.30382729013381016,-0.08983125586631113,-0.04688788915306219,0.3678805956139619,-0.3709848981021293,-0.1507588367540479,-0.23981421351146637,0.04095054006822907,-0.05041965778963331,-0.12835288752355278,0.09952797797166735,-0.42952476279826846,-0.09733015915844612,-0.30542899156726133,-0.00890608873261678,-0.7843813568215284
0.05531084240694928,-0.36343497473557196,-0.1845787029500564,0.04721067628207476,-0.4203381631085379,-0.4855134753681092,-0.6736601732178655,-0.23930097026905717,0.4729903787094909,0.38874307356123117,-0.3457728247353645,-0.16885231142525348,-0.32474532252106625,0.1974265642463,-0.02428045953925173,0.4085711789617448,-0.11219045213341716,0.028463457711966234,-0.1921563484199934,0.027409924455381374,0.3477193032289132,-0.21109455801096588,-0.2518955178403771,0.010131925011370946,0.04108982918547199,-0.05257631862206402,-0.041982488461381084,0.1607121292631446,0.34293908105448656,-0.07897394015814607,0.027011941975249254,-0.13167980562180914,-0.2554224194228366,-0.11195010068404843,-0.04209820784400098,0.3143843851243342,-0.2246384776792214,-0.15923454595008923,-0.23263188216911646,-0.06382464262417187,-0.02379410966840434,-0.027932680794100162,0.10641436815106098,0.0995950414283282,0.3685190056457128,0.16830710240796964,-0.3232986539176601,-0.9234757511684251
0.27548940917228104,-0.19762196141561694,-0.11642798462047454,0.07869117972145911,-0.34320081761855836,-0.39146662521927356,-0.6972477225162705,-0.18030174200235338,0.5551665842496234,0.364602340589252,-0.3259888037187968,-0.33672344793082376,-0.295124408052714,0.17931085369453692,-0.2525108821179681,0.44130335066390014,-0.1595633892498326,0.047530684203168194,-0.11219543225843553,0.03486745495460131,0.3039233615668451,-0.2477737492142431,-0.19773749942640606,-0.10190475929198772,-0.02938694489546878,-0.0575158072999421,0.03916552676559726,0.16418340059078695,0.07908739403915743,0.03435417630501836,0.05270454454760132,-0.22171903159936157,-0.23989418578003685,-0.08523799362709172,-0.06777041108246296,0.31873002680824336,-0.32051342785994374,-0.1298766425188228,-0.2181122588806058,-0.09680767019886183,-0.008495253281469384,0.15082139766040337,0.18680364455503562,-0.009500600509782187,-0.28992238546865057,0.05612487721508841,0.3412816575334159,-0.9407128474074296
0.36151965100952355,0.05456072148646984,-0.03357737016875839,0.02958119543470117,-0.31442438137676776,-0.29702459346687793,-0.6766500389520539,-0.007306289160768142,0.6294850206020748,0.4585776926674958,-0.2265976323728205,-0.24824521943797506,-0.2942254335994198,0.12749678115645158,-0.29561627607253804,0.4464380154571168,-0.03137958759719506,0.07370071507012921,-0.3872315511872374,0.17648290670847944,0.3044439903072911,-0.2519438498655614,-0.2076666125666281,-0.11111129108152151,-0.007027414325493253,-0.056014404920588734,-0.08325738260368076,0.12959345149334034,-0.08456217340927785,0.07686528568385675,0.08114214798000363,-0.0019000649443672302,-0.2271215038578689,-0.0918458807820065,-0.08090806814895113,0.30132271795527243,-0.33177747104318667,-0.11312439368956739,-0.2129990844555668,-0.03579802444641744,0.003953952803903649,0.16183338690559967,0.11537821999919662,-0.5236081091389039,0.05596401229118375,-0.3449890954443672,-0.03994401317133389,-0.9606297765402764
0.2727069261267372,0.27851538321334046,0.013215642282847329,-0.07037863673223932,-0.25704110874711006,-0.27802820789865546,-0.6831848949629156,0.06369873150625915,0.6777882569089906,0.5466250394400154,-0.12758059684229095,-0.11608010310526762,-0.33370485739215083,0.057259201631223666,-0.12135593985359427,0.46079276014645276,-0.07043554701998767,-0.05790246277998612,-0.20240905028682732,0.1810533621739523,0.28862374435849025,-0.25302172068156814,-0.23916799723858784,-0.013251306380903327,0.05186807234093149,-0.04530155197741337,-0.06829667524815597,0.15731541505968893,-0.07160527337249911,0.03330817354066462,0.1142921922134339,-0.003837376763647704,-0.21828512999616612,-0.09293580511095534,-0.06903240005267353,0.28131302403273173,-0.26627269708049106,-0.11873531816023486,-0.19968414012915492,-0.05287638803054617,0.03248790552589442,0.16936577298560396,0.2641703916409126,0.3127548588849207,0.18826644278877103,0.3925805854852702,-0.3443192451571161,-0.8950292064236147
0.07877639595079966,0.4008076274982557,0.017175001853156235,-0.15949504529026282,-0.14833369588430367,-0.30501360217934226,-0.7348551188569288,0.015388393981863757,0.7121435284974726,0.5469802226725149,-0.08392624295612627,-0.12206205233904754,-0.3566615867663684,0.010550035345842979,-0.08343672166373661,0.48805533416428815,-0.14034727179308681,-0.031249656363544598,-0.18157642606640867,0.21731284933377548,0.2546191704216183,-0.2715321920725099,-0.22674419936138257,-0.017116552707108768,0.07556243485346292,-0.06255349550159339,0.024751049502940603,0.16643395568081787,-0.08322637662195631,0.011453240993896774,0.13825040147966705,-0.018599928460488413,-0.20820683823204433,-0.04007053876422839,-0.07249752804722043,0.21298422193804512,-0.20641000957924782,-0.13010301048580064,-0.17681723164306928,-0.009859351666532179,0.04273925608456386,0.04905973708150335,0.32974143041830484,-0.4511683072200454,-0.6969064151246505,-0.2604425135784205,-0.028768474525338927,-0.734002079439654
-0.12494228892273829,0.40693658276787614,-0.0031150151426148076,-0.2027845422792106,-0.017118117964031176,-0.3164859225170099,-0.8031030742376768,-0.037153477022282444,0.7480540083041729,0.5013139860627098,-0.06986184193565259,-0.19376772231816464,-0.34118653889676975,0.003606537892849593,-0.09880804404288679,0.509337872626177,-0.18789550051596682,-0.0025086623906452887,-0.19256355579252027,0.26027698460294246,0.21428948389878633,-0.2948870849589019,-0.19491658747583507,-0.13176827126545743,0.09488598960251049,-0.11316118996679037,0.014338186913793072,0.16787951292714753,-0.0649013488536353,0.0014386818698761683,0.13991924751975304,0.0045465913731022045,-0.20813196199676165,0.04595012640865459,-0.08138843678443963,0.16479050185393285,-0.2225259719755701,-0.1353353692550492,-0.15272529407949786,-0.07339049742787485,0.04849903376633358,-0.008016009571301774,0.30640544339209175,0.013420123234748838,0.647474553295873,-0.10802956706211242,0.2543309460473706,-0.7280574353801578
-0.2781794891495494,0.31431152167936127,-0.04101595587484963,-0.20086439997274264,0.11211770100954754,-0.29105741374202054,-0.8723323464797561,-0.06394067897400701,0.7878975454688124,0.44859668684344456,-0.05968216885689581,-0.23518746451243167,-0.2858400442595683,0.026355226850434788,-0.187077315076828,0.520292260482422,-0.23993073962900024,0.025921024018671135,-0.1751229482169646,0.2794007902441151,0.16739412113761065,-0.33473555428716584,-0.18558475429286636,-0.05633211202665844,0.006583343275968323,-0.1394597741730217,-0.17036001141676926,0.13808183658724804,0.051793929656423376,-0.0029530476989314547,0.16120558630329085,0.0811694355439887,-0.20554549580169512,0.1104695083515772,-0.10463946901095744,0.20952284712174252,-0.2879262503703973,-0.13875941906875355,-0.1308547699415743,-0.027008412796637904,0.025779600784773482,0.0215302361273777,0.27348320244305624,-0.19291688882973368,-0.3306440224597528,0.3372943411219145,0.12712428707114554,-0.6628165478495427
-0.3361093625630316,0.16733266922168366,-0.09644945998284415,-0.17056743812098518,0.22214405473446996,-0.22753797781431706,-0.9422092920592624,-0.11515210758636307,0.8276551039295694,0.4015635156144566,-0.042723801246186355,-0.17015830745823535,-0.21014050808436358,0.05241308566122016,-0.3079857726461248,0.5235548677493649,-0.32202776840409975,0.09902370608634681,-0.16809536412623427,0.2797970742981488,0.11775314161573425,-0.37378104939216816,-0.16553923105104174,0.04872002719351087,-0.11364730330695738,-0.13348365209913948,-0.05881058776689663,0.13649580471706146,0.1017948727823974,0.037579719022671876,0.19528234675122236,-0.04115906158067495,-0.1876504923806176,0.1217238970721457,-0.12447652296317102,0.27247227229653426,-0.2740916917949954,-0.1632613224027729,-0.10093848949713868,-0.03209250854856127,0.05319867000034706,0.04740792738081945,0.20551049410972566,0.03979237792352275,0.13190649039816216,-0.5051191616061832,-0.22034366804422245,-0.23319743787422054
-0.2919981156590742,0.023205491702859238,-0.16019004124999858,-0.1434043428500008,0.2881499838828858,-0.1255418858254651,-1.0,-0.19047823260510155,0.8678400654779945,0.30919771594390366,-0.05729269011195659,-0.11195426684829624,-0.15648349456228916,0.053920179320605666,-0.24922920949855631,0.5193498757735524,-0.2910743535664313,0.11464657555630575,-0.3223432735252072,0.36611307555909334,0.0925389640196923,-0.37024601404256696,-0.11300375090484693,-0.1973584422599094,-0.12160219352484214,-0.16419583203834298,0.16177519294912313,0.16756751055860142,0.04734492451636885,0.09843275592394196,0.19276322299544546,-0.019019563963400654,-0.18390821492592335,0.14892748359972519,-0.12956971066177903,0.26072235217536943,-0.2602432707390995,-0.21140065692376253,-0.06424180354927511,0.05565170135870878,0.070781508258837,-0.03670574298306917,0.2888708168222036,-0.3351440706485941,-0.06738666584873476,0.4671864240625545,-0.310501942996927,-0.6420735345355559
-0.2126864282442913,-0.0895960721163559,-0.21036221728002502,-0.1620307946300652,0.2788068211543744,0.0014691731386073936,-0.9997271143406306,-0.12708117091472637,0.9117843709092,0.14140523952323103,-0.1375447134736738,-0.26298673139215123,-0.13324299953896368,0.03898350006846196,0.025397757108513996,0.5114686775563366,-0.16143625813740403,-0.056704952880897386,-0.44685517907095906,0.49235795459506715,0.09855033967709326,-0.3492239196295025,-0.12196985581362485,-0.3760471307816893,-0.16034709899158006,-0.20897837235368266,0.022727477678261554,0.17204721725229466,0.06665958394978411,0.11904705326566223,0.2029950977026993,0.06451649211400623,-0.18274864083173759,0.13595663822307524,-0.11992625793473499,0.23278838345146768,-0.31584553602841015,-0.2952428086896579,-0.042448249184702025,0.12430312206063676,0.06071071718807586,-0.12217902435335304,0.3217949743681936,0.013060947874032225,-0.4154272509774092,-0.27647749216178863,0.029870282887744404,-0.6924449068056491
-0.17533045891983157,-0.19305082398497497,-0.24435207269163406,-0.240346845686909,0.21349884412725872,0.08547340085567257,-0.9265485840865275,0.15202291752984665,0.9441472382223783,0.033144920165251834,-0.1957171494647164,-0.42804994091016213,-0.09686501853020624,0.02204897676369799,0.006918744866918569,0.511929986307381,-0.20106698810671253,-0.23225655618158458,-0.1800243781530695,0.43236965179998954,0.07727168647957283,-0.38586576510010817,-0.17229930694151152,-0.13801809609198357,-0.3399517005425243,-0.20324149365473643,-0.1673282153709219,0.17116474796353742,0.1010734477965951,0.13564368144901806,0.24552879083653245,0.06487110110427774,-0.1786178896462497,0.03208944277498427,-0.13042597859204585,0.29311873221076423,-0.39883306048308975,-0.41724246211810034,-0.02470868599723841,0.17302159205612488,0.04824999522739293,-0.06210117953672967,0.25515953453613505,-0.4491870212556047,0.357150971782245,-0.12604632031156404,0.20953436886811527,0.3341524346657334
-0.20207184982538562,-0.3323192958506994,-0.2783316218576066,-0.3355373722567875,0.17530719814858142,0.04322854496487283,-0.8346475413068102,0.48675324280396826,0.9443519825751399,0.0704843564988118,-0.1614562188491241,-0.35713678286100214,-0.05871296835027717,0.010961383765279997,-0.0320232375776176,0.4864343821997388,-0.18152503061268732,-0.12013236169717934,-0.4796953118325077,0.48637790811467996,0.08732607954237759,-0.4032065487441717,-0.21322967129529824,-0.028556648320470446,-0.47328304539186694,-0.20067656092768582,0.2523628257798649,0.1914331330478516,-0.008899101679045618,0.12764874678720028,0.27537333191341085,0.025019382586874084,-0.14900584523190796,-0.20584368593607327,-0.11327198291909424,0.2635507569160862,-0.47041113623365494,-0.5035922416605094,-0.04928333822572972,0.09605900312732585,0.07074032925460427,-0.2312578786831071,0.19047900868793377,0.2050643703622228,-0.1280928730259785,0.3996910142850554,0.2069644460175315,-0.4128015775441072
-0.19570049768376452,-0.4980319473566682,-0.3266892218287957,-0.3577780129131427,0.2542861714333178,-0.13411058021373745,-0.8209734952544023,0.531848317499295,0.910967116430206,0.17801954159689393,-0.06447146040021656,-0.02641148490443268,-0.039524966026858066,-0.028324881981480088,-0.1297345453672054,0.48237160729041717,-0.3233436169571271,-0.2575658828937937,0.05283284667670962,0.2687005313550197,0.024675829252200243,-0.41462220112842973,-0.14039476032920806,-0.3674322357326637,-0.3184147693037451,-0.278667185064957,0.00266780910731379,0.25501861591812225,-0.26827210706198434,0.13723076153361813,0.24204051797484416,-0.22126778588649,-0.25375482200229904,-0.26665089079675564,-0.06369747907175649,0.11988938714613995,-0.12635030141362658,-0.5812046494287971,0.008837780701989484,-0.06860618347744063,0.11863395913264996,-0.15842005404832893,0.3713467129298005,-0.19339368333640983,-0.3019888080752485,-0.41496058884249043,-0.25535026724390053,-0.7164369210617276
-0.06363881238953639,-0.601489586015138,-0.35077989815830546,-0.2640567128299326,0.41347556089937765,-0.3098050048394603,-0.8815868206366221,0.28767292600399097,0.8858977055727084,0.12961972240051356,-0.05647345344705612,0.10995845373998869,-0.04640373683944743,-0.08330447838442878,0.02999605957875895,0.47043832634221894,-0.14684372652400057,-0.10982448220665486,-0.5336332447467751,0.4760523205715723,0.0235398935943405,-0.4010977222251859,-0.21626715736518076,-0.017936018700806522,-0.3030174500232482,-0.261272039712225,-0.16142751576836456,0.16676596788151632,-0.6220692594236921,0.19701503558252376,0.2486161119933643,-0.025814379631376116,-0.3207906519317466,-0.0455145225146566,0.018452028720942426,0.014865791658795535,0.07301981778021038,-0.4885816619579214,0.06184519979053382,-0.2473898050010198,0.11217282204688095,-0.05573889522757869,0.26682015036691986,-0.2765805201409993,0.2857048297245586,0.200390438819398,-0.39459896220265844,-0.8719897581371763
0.18302381727002115,-0.5413936127205234,-0.30112418234782534,-0.10738854468803505,0.5204968890520529,-0.34542821210744545,-0.914465912080247,0.07842604808082831,0.9016134833083114,-0.056575440425930434,-0.1403111860203765,-0.04202082339157809,-0.012358363458584432,-0.1206575758970233,0.11573324612345814,0.49557645895042857,-0.4321319394358212,-0.2658477908768817,0.10566616957793173,0.29239350871539305,-0.0348277371747695,-0.39746398012316586,-0.2116761407978074,0.015017899994315131,-0.11572781134117072,-0.26586891670562396,0.09860939793247248,0.23597610736837327,-0.3537888510996049,0.07449114528449119,0.21335243775159518,0.471057726791843,-0.4332805525164265,0.2772809542477468,0.05430696281164127,0.12962074965000348,-0.09624682039439902,-0.363129283544826,0.09523783445064393,-0.2114544096527491,0.06333161370919305,0.13997867783664475,0.41756424544480786,0.12090308482545575,0.10538609000869736,-0.034309530732921645,0.28587248920752995,-0.8608435505256208
0.4154225960145814,-0.30114473857531976,-0.18626058447696625,0.011318413598766952,0.49979830687919846,-0.2560296208603212,-0.8579325238261241,0.08039477639510606,0.9409638783043837,-0.1942301926709239,-0.1991712180443086,-0.15538109582490833,0.07277772020741224,-0.1597864397213945,-0.24005665471443005,0.5081011514468203,-0.3957203933737775,-0.07083031272110452,-0.21435415375872802,0.4351668580325283,-0.06815034121691721,-0.4085818550361494,-0.15628027241127518,-0.1365484388048246,-0.10999127992333269,-0.2813492223131253,-0.010126600602462843,0.14666077631801433,-0.03198256933982835,0.021436710257737523,0.3356349517963453,-0.011442530666964545,-0.48202789037596394,0.2593698985484121,0.027102197000854922,0.2600099404109262,-0.2971984318113574,-0.31952826356764874,0.08811664021296517,-0.04717246155453925,0.023389566257802308,0.40187376009363085,0.3071373009630325,-0.6328936021089855,-0.3117951681755108,-0.10368971063599586,-0.059463209592642174,-0.8586340717827627
0.49563426384913933,0.03382710764829455,-0.061005751491570614,0.034261064655828566,0.3810644668788685,-0.1551245451553933,-0.7395086378706113,0.19286922943774054,0.9640562390608476,-0.19529358620331283,-0.1743836216582776,-0.003040789773607888,0.09829538646113822,-0.2401487517556966,-0.19317728905938059,0.496293811530808,-0.3358597302981601,-0.14334879621157215,-0.2695312823098499,0.5415391839827806,-0.07148097537380904,-0.39097056933502994,-0.17397055274682882,-0.10315533328448656,-0.1789099018653626,-0.2472535965937428,-0.09999968585254804,0.09653520690378103,-0.08894378195507568,0.11835619296149025,0.4043432007520511,-0.058851224536332625,-0.4999861307891974,0.1741128052111527,-0.024500217906697874,0.3361666909130874,-0.4005795218666315,-0.3105803013569327,0.08228655524094308,-0.07036077116808004,0.0036587313963587498,0.39336140191874724,0.29245936718600407,0.0893488319248561,-0.10588674929382924,0.05264739458389367,-0.6658899272927877,-0.9364875651603544
0.37484097568444086,0.32944321590225667,0.01333918791222155,-0.01598137313597936,0.25503400185738045,-0.13426252425487362,-0.6386112575807867,0.18615125618740946,0.9513403918493355,-0.20157132629915653,-0.15939087000905838,0.13297112258186794,0.06937155193885958,-0.34530454740092,-0.11527418320299421,0.5010799262423633,-0.390942151552795,-0.21241495833707236,-0.09484475153903404,0.5437028529638661,-0.09521419360472716,-0.3903773740383494,-0.16975387261375086,-0.020696164990429367,-0.2311950448283714,-0.20933414955150598,-0.07116166913358946,0.07660322797358021,-0.1596923788881467,0.1794570286170838,0.4576731600188626,0.03688098186900768,-0.4989474543652104,0.08935345970582453,-0.08732186085913773,0.3132153220608884,-0.30463102139936904,-0.2732964273220141,0.07015886558203532,-0.15657348187531062,0.015517156949464095,0.2034682292329968,0.48922386782806204,-0.014240124883676986,-0.17150683863134564,-0.06912056053918547,0.22108170297531826,-0.8813573155979515
0.14372520102985242,0.5065689019997399,0.030775983041175792,-0.07497239524936161,0.1547148228439037,-0.16921897344004289,-0.5740810415044308,0.05528296617914674,0.9144078028229261,-0.2460147073026776,-0.17457667789056575,0.18289052195545352,0.018486901215045703,-0.44826879525349717,-0.15584482903721042,0.5151808159357649,-0.4275447901376397,-0.14923930828372334,-0.05860181879801829,0.5460222076469285,-0.13301831961695332,-0.4036842981897796,-0.10689217541855922,-0.11443249051310056,-0.2784745290088214,-0.20574646218911852,0.024974553431302837,0.05354716045574781,-0.07707162140088808,0.13537643127690413,0.515996822477174,0.21659255461560734,-0.48628487916883856,0.055099378966239065,-0.1516715693870735,0.27452308468927056,-0.30154391567353556,-0.23844668862617535,0.05565526060768389,-0.05434265859812748,0.0185518077132929,-0.040399029892806526,0.45483578452144036,-0.5861174806072487,0.07019208912289043,-0.16403786055930814,0.7027413773266664,-0.9577681260754658
-0.1210797503532568,0.5353945163588809,0.01645190211423575,-0.10760692972219954,0.06807970812101227,-0.2112473188792413,-0.5139071874778574,-0.03303091662558977,0.8743078626885135,-0.3447773834170954,-0.23785087013580697,0.037073753756831085,-0.05315102717410625,-0.5248400110598652,0.011956600346283652,0.5067307183529779,-0.2745830356535729,-0.10538269062642958,-0.35497872504003836,0.6409929500083789,-0.12639330263522675,-0.38733336748401637,-0.07235323632518875,-0.37754531347414,-0.3813673235555868,-0.2444837318076306,0.18510207664927547,0.02751580503009121,0.06851759636832555,0.008092608112509225,0.5849366965357607,0.19461390274426638,-0.4217108373087035,-0.08169223099158351,-0.18252886639279708,0.16869286888511503,-0.4195691321778614,-0.21498432403860368,0.0005543213766512345,-0.034084218450452175,0.027794948856919133,-0.2589594769488648,0.5023261337093821,0.45751848886595425,0.5820474639154052,0.13600008336157532,-0.02975809843985555,-0.44207815902594794
-0.36785486014856716,0.4118002530541278,-0.014375775293985149,-0.09984847200932734,-0.005710724238268794,-0.25518174649461456,-0.43689548118679666,0.018541592027460307,0.836152309119724,-0.41376100942788296,-0.2939991815696793,-0.17747794607755796,-0.08676733942986636,-0.5538790851272015,-0.04642522889498635,0.4956333187363624,-0.3112962837963251,-0.17822077623229493,-0.002023613380204514,0.4243542418177637,-0.15268367617687817,-0.41932813114521905,-0.086330540427354,-0.2817904464473374,-0.5861205112919887,-0.2663211562370832,-0.3460968433518732,-0.042783871728194645,-0.050697238896279195,-0.015631535560652665,0.6533304387033916,-0.17523355575515498,-0.37026300119360067,-0.26692921401602465,-0.21811356614370148,0.11171354807207412,-0.41712040255938876,-0.2283253591229336,-0.01545884163519362,-0.021968540966403105,0.0345606230063491,-0.00898779733419719,0.5369247789452329,-0.3151522867624378,-0.5565557442176534,-0.013411307362102387,-0.7816676040304154,-0.4816155755998448
-0.5260680972110678,0.16885381812078126,-0.062481741665568524,-0.035081269528783654,-0.040250851255322684,-0.3196713022069815,-0.36842277945233937,0.09643753154052592,0.7920821798098681,-0.3594013461628218,-0.26727965939891174,-0.1578280055747313,-0.07031713346154922,-0.5446836607143996,-0.33596931232951366,0.45375986417081426,-0.3119770356564249,0.12982015222416687,-0.21936808097119886,0.27254895872543017,-0.16097715475419794,-0.45997513368073084,-0.13569169594154262,0.09646804335650172,-0.7535780677550009,-0.22737246938193045,-0.049415605405421004,-0.09192738021556235,-0.4182322295581473,0.004302354967117283,0.6520159954315123,0.03151595034565524,-0.2944648978575438,-0.29218507544078753,-0.22853604620394674,0.0198047871002085,-0.21933401100819783,-0.23769026453183384,0.005001196789673479,0.005469179412703529,0.06193005919196226,-0.06486409739497168,0.2983304727502616,-0.47504950762019915,-0.3254839638994683,-0.19827197486485604,-0.47444064365066285,-0.5896389280905578
-0.5502738676777561,-0.12390904493679789,-0.11721330365180227,0.08936107201960342,-0.030662118736992205,-0.38533336608312485,-0.32901703771216595,0.09374974633041044,0.7500929328936827,-0.29476382780737764,-0.22802322719567147,-0.0670567813977535,-0.022651257970535577,-0.4705924532415816,-0.10660582172371047,0.38177567808069557,-0.3507756906693321,0.3598471453348129,-0.5023387116295785,0.14819683147167972,-0.12348907830555633,-0.4061604122619844,-0.16254418109738344,-0.09540033898841882,-0.5909594335175263,-0.2780130533138503,0.19283045499200457,-0.09586731961895978,-0.4555173465520591,-0.12157046568158736,0.6011902359428767,0.10762475670916194,-0.29650950419920363,-0.15367545033105667,-0.14411474778938482,-0.07249156245045552,-0.0952414376266193,-0.2400868284862624,0.04409449266548804,-0.05474913705452178,0.07542531580560352,-0.1099021971580949,0.25762044961104547,-0.2171289119436084,0.20739142212382644,0.08279802113498369,0.4776144570683729,-0.16347435196363957
-0.43289779443978127,-0.37902179282105397,-0.15733253277347603,0.2492665984920721,-0.016116049336237448,-0.4008503489024965,-0.29853108104050363,0.0444370311880975,0.7265637676610142,-0.31660963279264964,-0.24503501801572858,-0.14515901767349704,0.11770186628783841,-0.31810030388668775,-0.02111647869912403,0.33519610374027664,-0.4623464686437113,0.2873034241943766,-0.10051564171492133,-0.14375081376349952,-0.14339266643404058,-0.37704617153337927,-0.15003433245944042,-0.3615388863667429,-0.45012662189553965,-0.36218198173570126,-0.10076639917622032,-0.08899544663038483,-0.2985218360389297,-0.2244387719507499,0.5346209999704314,0.1440643288267458,-0.3476677814864163,0.04894544684771973,-0.10282383263481809,-0.007822282902625877,-0.17831327846895484,-0.25499055276764593,0.1069857613838423,-0.006100567180010397,0.04740581296826285,0.08546671797893324,0.3283729987936381,0.13991216494737913,0.042782395954992,0.03088060841910134,0.7007634896518047,-0.5560026774613602
-0.19619756068162253,-0.5117583764336896,-0.16567668244333,0.39485988411808615,-0.055949920018939614,-0.33506899589138217,-0.23666431428323698,0.036095458336376396,0.7206244407235007,-0.3144037044655279,-0.24577311833852877,-0.14117758774374012,0.28954691079865547,-0.18424898167583448,-0.26374161293112997,0.2847410046043233,-0.31837756717034005,0.37520738705603285,-0.21568986855133054,-0.24524148823400393,-0.16074837573727296,-0.3803224456761891,-0.1785703614270846,-0.2130047538527221,-0.5658047757914167,-0.3529922799239933,-0.16128242554021233,-0.14178591100045057,-0.06542562015702502,-0.29168770543677225,0.5508377363003305,0.29762628207511854,-0.33126555838153793,0.0698227550423749,-0.13200820082033582,0.19548373785426465,-0.4437631480783658,-0.2552229453572158,0.12493173102112176,-0.04341684513744204,0.00905258664806663,0.09796743187890966,0.13058472857354753,-0.17694442772535546,-0.16944959566415663,-0.1527558322222642,-0.4093204872612993,-0.7154092565301657
0.07573957862730651,-0.48813097046764753,-0.1547453003162116,0.4669475075061469,-0.1657215608098025,-0.22572196614414808,-0.14270217445895483,0.024864492582875153,0.7153009429636488,-0.27170807316101053,-0.22036829498413413,0.024345405021307,0.39789283776617723,-0.12424940658150818,-0.21360787182218177,0.22279490931455825,-0.20752691535511003,0.4254391277525482,-0.31183030309893855,-0.34939669067612256,-0.14136382706847728,-0.34125758866748823,-0.24561740513598007,-0.007616653225166026,-0.7153213361513988,-0.2825940155289771,-0.11973508843958802,-0.18957304940455888,0.13694779801434542,-0.33971403050426785,0.6356316551659693,0.08918660561070246,-0.3020942647902166,-0.047644667042013644,-0.14635924225030683,0.3053802147496285,-0.39156967537260945,-0.24263103490507354,0.12862783802047195,-0.10076538933522738,0.010995853908629005,0.08744216519599846,-0.05795853488774183,-0.12646979644407097,0.12397098228782766,0.019934701269580524,-0.5482550156720225,-0.8754956752121583
0.2785655252099819,-0.33853626133348436,-0.14519230121671556,0.43148552062087586,-0.3320185590517537,-0.12214093030500306,-0.027519513329875456,-0.021521984706708408,0.7007385124704628,-0.2921242821317165,-0.24446769868273732,0.08331642719356558,0.47462347862875687,-0.09424887866961229,-0.04341004715224728,0.17814780034235533,-0.19992952950936138,0.45428780613265807,-0.2283102653647382,-0.5270498934556722,-0.11591423588180028,-0.28425148878038764,-0.28301471313098037,0.019386004854102357,-0.7986179238023723,-0.21735467123881846,0.020727488871358446,-0.20760900212964994,0.06031975901928677,-0.29447419801801866,0.6891716393352278,-0.04097915077317382,-0.27244448040925784,-0.08296836561269216,-0.1763701816226554,0.3250042171854792,-0.3186370148333042,-0.15549912638984265,0.13761161000415,-0.26561305891296527,0.024708122465705085,0.15027632516904155,-0.058604088357691375,-0.05121014590347117,0.14824247807761037,-0.006507698371000292,0.4156128306238389,-0.9074481370319508
0.3518077738317733,-0.1316268768025758,-0.1445484729098636,0.29201367770326936,-0.5441892623921125,-0.04979618914328243,0.11932080913299714,-0.019990963694871744,0.6721345114837727,-0.34110618620963395,-0.2998872426146094,0.03912089105238725,0.5712574494922302,-0.05037887911147276,-0.019473530705232167,0.14721450875368247,-0.20243231157513242,0.5470260983096471,-0.15915081137225096,-0.7220327654282204,-0.09917284887313438,-0.24728664987851212,-0.29526731097320236,0.013180669610242113,-0.808157632617754,-0.18026722294190822,-0.0834124519525905,-0.252771874691856,-0.07910248799672914,-0.2346915183900441,0.7195607374773736,0.012257874035521477,-0.22641316037630366,-0.10253094763653092,-0.24820346449456798,0.35639131472459695,-0.38381531097764443,-0.04119864935260498,0.14506333954152661,-0.1878888902422059,0.01712528459802365,0.2241005702771628,-0.02537794709613439,-0.29931901522108073,-0.3013022255621691,-0.05465878216333642,-0.004323087613837817,-0.8370214961728389
0.26532198938737506,0.03494158411495918,-0.1643481395463614,0.08225118701851386,-0.7637226260577292,-0.04710566434517938,0.2896091040101687,0.0652233600352563,0.6215418529462822,-0.3593179578399288,-0.34796925726429406,-0.015147934074434377,0.6898420504134797,0.031142895648305302,0.0521489741924539,0.10344149284373638,-0.12881719801223623,0.6764990649297613,-0.3318386838387315,-0.8226370941987995,-0.06718992366654586,-0.21802989767716496,-0.3272159270366938,0.05618677599504296,-0.7332034356936779,-0.16744881789181865,0.05187240306915131,-0.2692822719148623,-0.22719341821171934,-0.17965852632631885,0.7108903757822891,-0.03885013741738552,-0.1488955783595204,-0.02173068328565919,-0.28527361787222116,0.2210488831617572,-0.030761882027817156,-0.01799669717184249,0.1968381332650544,-0.017449129751522796,0.036724822365792775,0.12374765246575925,-0.049163471900066424,-0.27509919456064824,0.22031967172024536,-0.1919090577679613,-0.7044506173617011,-0.7007847997348626
0.053246513833269615,0.07089051323761963,-0.21908852291812142,-0.12917080360001643,-0.9235373880605134,-0.14571752345478695,0.4429475266755467,0.15384737577929508,0.5449899058078969,-0.33645404013806457,-0.3775871266141205,-0.04821093361723994,0.826930216852914,0.15191883965486208,0.10397801220317215,0.057603251894070784,-0.11569106618490022,0.6496370218356864,-0.19712779576081985,-0.9610534325153206,-0.06985521019869301,-0.22087740844414339,-0.3110754830998842,-0.05265673123400372,-0.42498600924271035,-0.23390054565910479,0.0421688841192811,-0.21602862664845424,-0.5432768180037959,0.04982717076263721,0.584098159248897,-0.37633943970078476,-0.16415854488939863,0.543222235758084,-0.263032832269938,0.04237718341775065,0.6312921021620566,-0.10064639037373768,0.39190345898466816,0.005764349095369825,0.06003904815793093,0.08582230936352153,0.08833333080900285,0.02817112721988191,-0.35296547492259056,0.5842924546945456,0.42739160158630085,0.021860993747649493
-0.1517527309887523,-0.03862859358051618,-0.30931872584849596,-0.2579052305007462,-0.9728230350533793,-0.3216724824836371,0.5310210053932203,0.09432571045006277,0.45018820009339855,-0.27055925862493335,-0.37575725076840416,0.03255364567005903,0.9603259337883545,0.2673527010820054,-0.10193867447861638,0.0161099618328584,-0.06816364348020387,0.6186187340067244,-0.06443205871482804,-1.0,-0.12888146294950786,-0.2976383727256612,-0.24896030426551374,0.038901143715150965,-0.06555816549777604,-0.30736467717158866,-0.18154241602769627,-0.16282250469659532,-0.5504708338422765,0.28744975538857576,0.39110363419331984,0.20644817899265933,-0.18389946721171047,0.8819369512880251,-0.3816539477535995,0.616149473573895,-0.6196919574773472,-0.1919885312243903,0.499479248846566,0.19900708677994206,-0.08451518705173877,0.35798997349796413,0.01715801766408842,-0.04895559139553707,0.027044556959620714,-0.795387125383633,0.21069005975476207,-0.6570695315845777
-0.1780628330272651,-0.19433205204826154,-0.4120903821858283,-0.257848485261603,-0.9222367775994116,-0.4864538422217325,0.532230353641177,-0.23942268322231375,0.35798809707157875,-0.20487217807053537,-0.36097575663563586,0.263100209142038,1.0,0.2803194284635011,-0.37635754502333285,-0.018092962569843607,0.03001298487143389,0.5654929676243898,0.015295300829740732,-0.8941588298008394,-0.22336032341462952,-0.4059351562664152,-0.12237380987760149,0.1373278349732081,0.20761830889179045,-0.3336496836477374,-0.08028760226530274,-0.06710953057484192,0.07116419121723938,0.24087023831446008,0.335374685030535,0.42452218954529464,-0.11773230334987805,0.3825651801681704,-0.5358087888912871,0.8489860423831297,-0.8082111183802885,-0.3653176220618173,0.47484227206947804,0.03874189996986277,-0.08813788348843554,0.19246446608147894,-0.11679799199085517,-0.35617599721686743,0.5450648020743196,0.3589286859492382,-0.4524765270977642,-0.7301997206728752
-0.024060104261604653,-0.26511118677537204,-0.46630852196229,-0.18529752047429193,-0.876665611678963,-0.5290030426835652,0.5321050492045811,-0.5743026726287552,0.3076471643439671,-0.3138028161945914,-0.4698939328071696,0.11743226005687601,0.8829851657381984,0.19274845925664463,0.0064189765694533385,-0.07250544223713506,0.40973852161858426,0.4552810907666198,-0.6765048077624252,-0.37801827926439713,-0.21238912546203703,-0.43134778109078475,-0.0607925494976026,-0.01569444490846006,0.2723628444566193,-0.34861228136327194,0.31311285891773566,-0.0021451398367546837,0.48796858621832606,0.09858178967266995,0.3835942211813397,0.0009506874183518033,-0.0113333805395337,-0.11259546876446147,-0.531294094054432,0.6083912310313646,-0.4025671529506939,-0.3732908358642173,0.39833236047636733,-0.19693288849966695,-0.023278749271974042,-0.16660905033419038,-0.08673554843561382,0.25568791079892494,-0.6845656580922086,0.1694155402291435,0.1004005340280314,-0.8484641454761911
0.1090516089395821,-0.22839579582218905,-0.42530138466036327,-0.15402031417645468,-0.934283681792895,-0.4548161994515365,0.6696760587701653,-0.3747215248299637,0.30892436133698675,-0.49274549110309895,-0.6628065838893438,-0.565984614128605,0.7322637091617692,0.11565762244604083,0.42355752103038835,-0.11298596025530883,0.5025305673061584,-0.05349686553116384,-0.37432660671414997,-0.18335077337516958,-0.19378645423719187,-0.47649626895598385,-0.07561706290933101,-0.13253035121406043,0.1706380674101402,-0.3898151474929896,0.05789685594709226,0.06263112705678586,0.554859691587402,0.029711015354512815,0.36734528079677276,-0.10347543277724691,0.020587438244025646,-0.20959305279081697,-0.488588338730495,0.375373797523735,-0.26202232128548353,-0.3296889547075552,0.3769441497074011,-0.022210475576135313,-0.0110491825240836,-0.10016150431353532,0.12598402195208513,-0.48730345034110134,0.14048758170207032,-0.6321159236925689,-0.14829480710211596,-0.008889891081393486
0.08171667949941153,-0.18135685327189088,-0.3417149765170989,-0.18553683780880204,-1.0,-0.45862530145576197,0.9012047130680032,0.23955068693823778,0.2993616350758763,-0.287193614624473,-0.6149211086075085,-0.7716120629441721,0.6236056842546056,0.0323305322803662,-0.2842022813148761,-0.15107983587464602,0.4341793091568309,-0.18365356049905324,0.10899954235583897,-0.24765330528222174,-0.24857200475395846,-0.6471588219408054,-0.07548911941350578,0.2367531502805149,-0.10745932342479225,-0.3570932535128599,-0.22707137998476068,0.08250893511087942,0.4645377929831662,0.041683835494942034,0.3687533034265731,-0.08068038484911166,0.016166585481661055,-0.18868418975900214,-0.5110261786978991,0.40938751116810024,-0.27465279061081194,-0.37946907091698145,0.43226368998025433,0.006566155987576705,0.04144480441045251,0.21649474509934952,0.06624241420546784,-0.13854038404309665,0.17161367080898127,0.6364260964608588,-0.15168161018550597,-0.6452513894716164
-0.016760434982128092,-0.19622906879901392,-0.3040836380109103,-0.16469076222422974,-0.8593914463269586,-0.6840761058376693,1.0,0.4605474595350425,0.2316326004077831,0.2825600103984709,-0.2889289075754111,-0.04061598135903932,0.386186575434176,-0.14828972815264707,-0.6507389991044048,-0.2362445556196755,0.5531795843896454,0.12066801453403486,-0.403356338344096,-0.07703235042426004,-0.2486524502705938,-0.7264478982525816,-0.07388293588708505,0.448043750333351,-0.1840815329393256,-0.27396932058566814,0.15314638219555343,0.11475996655488419,0.21118817400973522,0.0635255087890485,0.38239320299650226,-0.21248245385185538,-0.01610769503153109,-0.19233972950668998,-0.46326192670576316,0.4473754424542309,-0.24588374067413554,-0.4632375373108226,0.5093822115858238,0.06199961522542474,0.059110204638810115,0.1819966580188317,0.06474620258938457,0.05738529544637805,-0.1855568179302194,-0.435192509514852,0.5966556202480193,-0.6824844659612803
-0.025129271011821386,-0.2209734113167774,-0.29883206173882837,0.013455595691708178,-0.48360002863798035,-0.9666680662591918,0.8802435929637666,0.0014804376235955097,0.16946362840934426,0.5417295077845881,-0.13151604992302468,0.318422969836728,0.052139631929206454,-0.3107084660191535,0.14951695130338605,-0.2930855840180585,0.5096250209985549,0.09942258186544684,-0.5229791050121066,0.016515360461295536,-0.20529976003350014,-0.6636067717158239,-0.0861294005564931,0.19408782043046147,-0.012887769945001182,-0.2447474915909319,0.23118786594313945,0.18117404749753008,0.09823033549872573,-0.003220881540159426,0.34278132984915466,-0.020186284486486405,-0.1194986682320135,-0.10291661526601448,-0.350749474919255,0.3220583049194543,-0.2065625532874763,-0.517156815541311,0.5729998218727028,-0.042732539317041796,0.07079672928378544,-0.12847279559466263,0.28127993638422755,-0.34600907759808963,-0.13455223142884898,0.34290657614089737,-0.06819784751183489,-0.8247764780236904
0.11755835794186043,-0.1231758790174774,-0.2218161617863702,0.3038402770477624,-0.11196520186406589,-1.0,0.7401845189684493,-0.43456523976969075,0.20019298480332925,0.37307484630189003,-0.2532464402692106,-0.26324001577449174,-0.12222397888599434,-0.33526087065624166,0.2942134824438727,-0.2641232522644891,0.2686258656050553,-0.057132871829436715,0.17631179601967228,-0.19318500893275492,-0.24692439395163435,-0.6797387680454321,-0.02457915392881993,-0.08823288541698526,0.10838580424365385,-0.2502727426636965,0.0499554637166193,0.23988085748161647,-0.019129342958286832,-0.027375531717900192,0.3133595423049347,-0.18946080074960614,-0.22087673624013815,-0.023954212356615767,-0.3055032411304527,0.19800162154969314,-0.1573058651471605,-0.49921667555894633,0.6191649910098225,-0.19649019945831747,0.0851160635001238,0.22253613088776403,0.4094730046570536,-0.012734838955436034,0.11415398040654501,-0.3726300854856299,-0.8750968336728957,-0.8961201118494266
0.2812001843449723,0.14290296276600567,-0.04970834040872196,0.5435139337376902,0.06397800291124489,-0.7513494974418993,0.7562235587822279,-0.29105484140270965,0.3027851796195222,0.34392383395376247,-0.28731214928588467,-0.6873198978511967,-0.16242719647478354,-0.3123640011579608,-0.37096342096889323,-0.2641278590217795,0.37623159991452604,0.21486740362780576,-0.13084614264875083,-0.1310490078252371,-0.257780532997849,-0.7474696450035446,-0.018909591648307078,0.028886324107596284,0.1444068930375455,-0.20309326300156771,-0.14991827687797465,0.15383508500977716,-0.33872313427054324,0.04492784546783368,0.32586915020280327,-0.24430564141870048,-0.26848182384118124,-0.042073670403387275,-0.31658353993310695,0.2588450088582961,-0.3588904332067572,-0.413353676464682,0.6386718399613882,-0.1898804473798651,0.1360492117106733,0.6092038094952084,0.27572840899975626,-0.2222220513963551,-0.31346016658955,0.535830579748632,0.5902500269897397,-0.8908671650707893
0.23384759004040734,0.4355324544515684,0.10831014014958362,0.6212706709875342,0.11892663808278958,-0.47554435418269025,0.8551662405221632,0.13706260925329938,0.3924538293680677,0.5945914545411422,-0.13331219934508576,-0.5146905674838365,-0.24756871816399906,-0.295610523006265,-0.26735255877918807,-0.3300945217309008,0.4964301363619925,0.3471001268084426,-0.6665366437202733,0.06563482070930693,-0.17657572553799894,-0.7155856070396172,-0.14717278397203581,0.2239976545121536,0.3735425771147671,-0.13820394097116317,0.07249019042570382,0.1346662809797059,-0.49020739917878675,0.00405762593236747,0.28908283822807657,-0.12182311294389392,-0.29840754197827735,-0.1246621258523446,-0.2475828475214228,0.26234686242105276,-0.33555829667841897,-0.3548023798694553,0.6498426952038081,-0.04790212979247643,0.18213103640568473,0.6776608175027368,0.3210408526436108,-0.1487993795469974,-0.09726361184366672,-0.6846356287325768,0.22696163639561906,-0.7276621797910956
-0.08376271668739954,0.5513865109667981,0.15362856260956637,0.5835326737495037,0.21896146649066117,-0.34674793661451486,0.888895465129981,0.39280059362022346,0.4353276566915447,0.8081060311796582,0.0013283718172569792,-0.36384568804909245,-0.3456635370022496,-0.22034170186777224,0.19844647341747823,-0.3652589074546595,0.32192934155207564,0.11562534415836656,-0.3202712427115122,0.04830676298100056,-0.14928402912575112,-0.6597903418419664,-0.1861912433510079,-0.13574455576440914,0.7146905905213841,-0.19166753561026095,0.32260222710946085,0.2480539162267381,-0.23858099531346766,-0.19223458902602752,0.16203514159360766,0.12783678156029898,-0.3767295328923067,-0.06649125011074686,-0.16779954118237195,0.15603629219103077,-0.19579719493856418,-0.3461108908522452,0.674789199949382,-0.04168907951558842,0.09418686944952004,0.435432727123074,0.4664021584582372,-0.1795300455692297,0.602600196410658,0.4773312037108901,-0.4531898661693087,-0.40137869102020796
-0.4795848082648353,0.40882714446707547,0.08897573853514729,0.5493358515585778,0.40550501847759746,-0.30381415693491265,0.8261044879247348,0.4316386747645633,0.4555822000921792,0.9072859953598948,0.07170014331157248,-0.37183761412087313,-0.34009217491646915,-0.031147729728079,0.1748983111495781,-0.3621455710437399,0.12104139280772319,0.13125563573574373,-0.10992866444583715,0.012848381111166818,-0.19316687478690397,-0.6915411953718124,-0.21142737160671043,-0.006597615527851319,0.4232822627608932,-0.19834432768712007,-0.3648030829117547,0.14676735844517208,0.6294442524634669,-0.48275737851690903,0.19283806771820466,0.6387517073289954,-0.4378893011448163,0.05990121698246087,-0.19353579784264163,0.3027380164284095,-0.37632929092677403,-0.28149790727202617,0.6691867268206981,-0.1755168993332803,0.012841375386887455,0.22234243953408228,0.21525547682660484,0.09581279344108484,-0.6862630301869029,0.039109323966235676,0.01533707285808572,0.0029282510315677968
-0.6788210730309667,0.0949422355038918,-0.056646891759774776,0.5850101543991955,0.6368527205720331,-0.22620938360425502,0.6696275619618173,0.1965292162243053,0.4737536587701816,1.0,0.16747265317385085,-0.10449239704337232,-0.23322761919229573,0.21240775325202876,-0.30202556627077126,-0.33860517203666574,-0.22836102573572015,0.40687232456406175,0.22859874302441585,-0.21566137930050477,-0.3007179509455713,-0.7659432241062124,-0.16997248611171734,0.39889109687259827,-0.1594794483184615,-0.07173894562732985,-0.16922375825215463,0.09794847760950476,0.7594361346798668,-0.38351178783441364,0.32784860880814004,-0.616028394102913,-0.39553243596529164,-0.010418192504978552,-0.23669950381034488,0.48730929675908574,-0.19466422651340176,-0.18443842694279966,0.702732976995939,-0.2543911058306827,0.09214332420434523,0.625423560302826,0.08377245756090357,-0.5084178304827401,0.3383374290668022,-0.7366550685282354,-0.13860966434861877,-0.5022874429078006
-0.4920156909052431,-0.17395612372797553,-0.2569664846187114,0.6535069021643143,0.8265081281622142,-0.013052419408261962,0.42426357454129837,-0.47199377024645894,0.5042345774148973,0.9766352980820125,0.22360135629578193,0.4343237722354609,-0.163949101468148,0.35481016236149454,-0.745446345319278,-0.29753453631088045,-0.3348612085736262,0.7726929498897341,0.18919602160615523,-0.32805925239969325,-0.40518475339771964,-0.7519529488975504,0.04143670412634104,-0.025666876947174067,-0.2978223388973297,0.008147503621365404,0.08587031535579581,0.08701937710189633,0.14955932824008267,-0.013863674505821266,0.2714269217632552,-0.20626005288859817,-0.4298560190118058,0.2532042426636303,-0.3529671713801876,0.6355943763491401,-0.19948694077066298,-0.12768557123797286,0.8438495486889837,-0.1209343965336861,0.17293952671672286,0.6340404704780429,0.1449449282698685,-0.22657702169661675,-0.23933185704642346,0.898769743072048,-0.17404000847360734,-0.1607866139580162
-0.0656378818970379,-0.21631261346109576,-0.4208978071988624,0.5861728171569589,0.7827332517120626,0.41636382404154504,0.27043606971478673,-1.0,0.5859719282969857,0.5286471391052932,-0.018530298285106106,0.2285100381625722,-0.3060816838998842,0.3370674434906571,0.13153541657668177,-0.28008046095511563,0.39531910605751297,0.6268426132571407,-0.9788171316891534,0.21527195135308053,-0.3054570719034879,-0.5376149936130961,0.08666456523842658,-0.9944023903902859,-0.041644818355816016,-0.0179930179900607,0.7652300195989883,0.14865259136982978,-0.05361134084844188,0.03696356612285223,0.22843925599267867,0.1241288946168213,-0.3513615394550951,0.3019813094116399,-0.33640366367272156,0.4482720627891563,-0.24376823931689418,-0.07737419395400758,0.8429185721779351,-0.023653700781603226,0.08069090724007233,-0.04393911514726312,0.39262181223520876,0.21262652777144675,-0.47215586103648377,-0.637444026174335,0.32857910106622934,-0.34754487978992954
0.1404314945324352,-0.11557366480951836,-0.4828430330380913,0.2030979063451097,0.40337193777219005,0.9068569139296601,0.44438782534596477,-0.41734118813060606,0.7041585354806388,-0.09550885970757472,-0.45682775707091516,-0.9756019684733439,-0.4926295789096081,0.302153925699012,1.0,-0.23220561737977263,0.6714150742199481,-0.25411545428308824,-0.44987271608832213,0.23746008090165827,-0.19583365203980796,-0.42486868848729475,-0.15133345421959032,-0.8918212795179424,-0.12756837566534962,-0.03926634198909473,-0.4424948622597876,0.09833725429640494,0.2197689488744059,-0.029201622708618258,0.2757219977823153,0.1789743171701943,-0.2759606543383931,0.3049001960078921,-0.34234815733495527,0.35946356492433407,-0.25349147601954347,-0.03922381032079403,0.7900965542791947,-0.09105499595125655,3.5427253384900936e-05,-0.06177467716696128,0.42740508935165344,-0.5887285780759054,0.5634051340452872,0.1639747659500641,0.08902638350557002,1.0
-0.0382495573320325,-0.13507001897113724,-0.5570841492360431,-0.4059741392283982,-0.003961582329131463,1.0,0.7765977409702884,0.7700364016538352,0.71931833451138,0.03936806680781646,-0.4109665916849591,-1.0,-0.5467399307720846,0.2291242568007439,-0.6165593189471144,-0.15095088073962726,0.13191005312535742,-0.23354127883414422,1.0,-0.46534453093046535,-0.32329745571520685,-0.6491622051030748,-0.26172016239034024,0.497668354869119,-0.6003399210273298,0.1591159357658365,-0.8196406442334165,0.08935769646426928,0.21992553085597777,0.1234354384949421,0.3889129427216278,-0.027746839598529305,-0.1731007526883247,0.2495796251799196,-0.5452086988808515,0.8569222318871805,-0.4018526278382808,-0.01840028625972423,0.8213948722748872,-0.21268677531615443,0.09687222698601161,0.48944852795989835,0.17400760866618525,0.27358959752431633,-0.28969005371422984,0.07055513630601618,-0.10545040237315706,0.5693295101577722
-0.30918028902973005,-0.3985515510849843,-0.7613678768995367,-0.895413727402798,0.011767630655141526,0.47936191018419305,0.8180876786395113,1.0,0.5730413981645837,0.7021755328193469,0.059107481838022835,0.5765766468186144,-0.7758233662988762,0.045431287414712695,-0.9788084128269612,-0.1955958083029653,0.25158505243617113,0.9675437205941959,-1.0,-0.10607737878898227,-0.2548047764200003,-0.6054199129502666,-0.24379467527287002,0.6088952541203687,-0.5082875903771726,0.30753551031929516,0.7851987724319442,0.12454324631781843,-0.1288225625647238,0.19942104537635252,0.45488580396310496,-0.07269072936126064,0.028321598572793816,-0.06267255660521331,-0.5999581765524512,1.0,-0.5553824834832526,0.1252181366782672,0.7631640452910142,-0.2995967420878827,0.12669210583711976,-0.3415110563302053,0.10139576656634475,-0.29374648398670977,-0.018525327493610577,-0.3460923678483866,-0.197147183764393,-0.39592416389114893
-0.30702488591664867,-0.7369829657716114,-0.9871409606489369,-1.0,0.45773464741034897,-0.22872104533704551,0.4812062380917599,0.023231581364357545,0.4293231589631701,0.5973067205709739,0.07897446462440638,1.0,-1.0,0.053073426722882955,0.8453485900066349,-0.14675500142892384,-0.28292448643943235,0.660325345493217,-0.3750862661040215,-0.3091105465264128,-0.2290366846784564,-0.36260784447317174,-0.16634352954470366,-0.42332438439453,0.26070530399154435,0.17923764016128385,0.028825779781438854,0.27405341529459504,-0.658462246891911,0.1848360490463241,0.3417848952752467,-0.8297691806221199,0.11518555533500141,-0.6513680003517459,-0.5395565449704793,0.8606076459676715,-0.9453736119350138,0.09641814619307332,0.7110636492344213,0.2415985872906885,-0.025808873051296866,-0.07586493079872858,0.4758173968765189,-0.33252723032284137,-0.12717802054489724,0.40273685385023716,-0.22605159092028893,-0.7065555313351713
0.11258126275828984,-0.8112650622779615,-1.0,-0.7789566525229503,0.8583750525279694,-0.510214026172193,0.17182561033193844,-0.7618027570084056,0.45159696240720937,-0.19362242528943052,-0.35280102413069625,-0.18115560877422443,-0.7687616400246953,0.3429736217938657,0.3736566540486399,0.05297769013875375,-0.8032377755425436,0.4704541535896818,0.8653593558383663,-0.6765351097738335,-0.4282236153046305,-0.4200118956118356,-0.037035078227579565,-0.36382735961359824,0.4706617324577447,0.1263298905757484,-0.48790400676966295,0.3378918880029185,-0.807625574396117,-0.10608198334017493,0.17967969686519392,0.7861681964476035,0.27280793161788197,-0.9688298158893033,-0.6567228784456257,0.51653908609678,-0.5944272184963958,-0.12496233617678831,0.7163625703584138,0.2901894625046808,0.039173000398512015,0.015853006129097125,0.36812696396962963,-0.03720641014742876,-0.06949515039724208,-0.4945321700645646,0.10101116277076438,-0.8360412623119646
0.6711487112444696,-0.45933402534158785,-0.7479140164750654,-0.5379131335713199,0.8717480139170155,-0.31940814928687555,0.19416411511613973,-0.4592026817189897,0.5877040578620207,-0.5482746176792164,-0.5045500138418387,-0.6813058801231129,-0.39525521696126875,0.6012091566279893,-0.7845529705675135,0.11662155233780336,-0.41526139037064724,1.0,-0.5004109159396763,-0.15745769318246983,-0.45895880008849665,-0.4300831358374213,-0.08136491064935869,-0.06637773133263081,0.40501071337632055,0.16882924483337614,-0.07398407563325748,0.22419353720778834,-0.12105368258464644,-0.7260834442640178,0.3492521176756245,0.2974084738449998,0.32675556100784475,-0.531023010908846,-0.426255280636626,0.017437583897438547,1.0,-0.32095373192684495,0.8381389305690587,-0.0029762830448920585,-0.005527831272978845,-0.09577022436241789,0.04270770736825513,-0.36771676288276556,0.11883301442138339,0.20679702129854927,0.13799315944637724,-0.8243416968757221
0.8732146862147092,0.09774604287070598,-0.4457863309474127,-0.48301982865336646,0.6754564578716746,-0.1383704780236078,0.36150550132569603,0.18182416243500565,0.6842761448190295,-0.4392953435333182,-0.3504172323412654,-0.22005224784836308,-0.2032525499048644,0.7196230913070085,-0.4282324838531153,0.08972078271963624,-0.26628888554591446,0.6431444760001817,-0.67488205933456,0.11564741002794321,-0.3918288551085972,-0.2546544203914357,-0.29915341309687915,-0.057994973632387925,0.35486064048805166,0.2157777453610874,-0.23095308983931317,0.22983263627945538,0.25328337878727036,-0.9353216530485897,0.393714649840577,-0.21381806999720598,0.1586279486756461,0.3396805650164074,-0.1827873914353575,0.6016404951505605,-0.23038806074917484,-0.30877494067320965,0.9411771015969836,-0.04907762915517988,-0.08533126297318139,0.4660891400686682,0.01422408271309017,0.07824692973913883,-0.08822031957721066,-0.062187076385116224,-0.14424859868506024,-0.7722865357962236
0.59500833507497,0.5340305751334846,-0.2561412253020542,-0.5339103665836313,0.5337124636187163,-0.20859547895469632,0.4312761293055647,0.41849088336466145,0.6954720088069279,-0.41084416379608246,-0.2497864903213981,0.10121212505187493,-0.119757502885811,0.7831358309288694,0.042672681499356324,0.11168764093411698,-0.30337431730835673,0.17281136616401405,-0.24369921782203718,0.16883437920869682,-0.38882617671060626,-0.11095652976259296,-0.46106422574187145,-0.05116039365964864,0.1620545042262136,0.25232640310028653,0.04116256510121774,0.3321111927175793,0.16374377826573872,-0.7531269966446655,0.3232491465540004,-0.24561001534594085,0.12324094151749554,0.4106087787584656,-0.20282060468121854,0.7382071157082608,-0.5860242164321392,-0.2998156068226874,0.9017627521114235,-0.10463350876190647,-0.13904555456357315,0.19911043279931717,0.058424936395405025,-0.4748513283201794,-0.26041234409901715,-0.03603018352958898,-0.060312878338817155,-0.5147379939632615
0.10781731904169245,0.7030184842062366,-0.16662790918770232,-0.5135536984040259,0.487396723831923,-0.39533385234735674,0.38626238786443023,0.32255477448877956,0.6663153585440111,-0.5182943237869351,-0.23825413474223445,0.15252888327105762,-0.08100352338733663,0.8101328111210933,0.028437397192287772,0.1635173033589048,-0.24956536786112804,-0.026864899440602774,-0.021016017906035578,0.1881224967011963,-0.4425970568097536,-0.03701650169242432,-0.48750790248137044,-0.25976036023500126,0.041182710233381936,0.21077589253983864,0.034612466321049196,0.3836773519679215,-0.08840956801033861,-0.5237665833494041,0.23475444930718825,-0.25909818927847283,0.12382770707366975,0.2708469248698351,-0.2946660917217421,0.6166620642943039,-0.4773216215007464,-0.2988750972583074,0.8371624461836034,-0.13519510430244241,-0.10679478156117461,-0.039200881026120626,0.15657686903801893,0.08380175167684212,0.10895951390834546,-0.04733707241015295,-0.003434949958664224,-0.44916509173783403
-0.34419656868761284,0.6093197296732498,-0.1224232431058252,-0.3513809607013082,0.47532602763660403,-0.5421516079021031,0.29558379531437096,0.17892993103715815,0.641795800100903,-0.6952117176897972,-0.2779689846497859,0.024343155004351802,-0.09772073754564392,0.8013993523348355,0.06897146858639847,0.18058750067034834,0.02468742117170053,-0.0936634137334823,-0.3518638119209353,0.35120848050965736,-0.45668910431704657,0.025594617848715195,-0.5705078609176482,-0.21866925339375654,0.003690832167156266,0.16456655797011321,0.01634722252971943,0.3890261398629258,-0.4747283031867817,-0.3216937531565489,0.13488703683438064,-0.3164165285462752,0.165743855597013,0.1423426507779375,-0.3188573538544427,0.4704096133819975,-0.39369972304842016,-0.28156900175129385,0.7695694754485671,-0.07660095889970875,-0.09332145823010307,-0.10745846099512135,0.21396417814882263,-0.31591196388598186,-0.1916765092764683,-0.02474489226022447,-0.0623588768637644,-0.7687094727152102
-0.6379101488676553,0.3281031184913379,-0.09394046342494389,-0.07151459191762921,0.44424858276874457,-0.5966176437094021,0.21049082614433634,0.13017324870620994,0.6359643101692076,-0.8539185229141386,-0.3153037829301746,-0.14946574184403727,-0.13954093356741304,0.7589109693579261,-0.028851760147772465,0.1838042977865133,0.0301921775976568,-0.2750104119015718,-0.03536415418018979,0.26765095192705823,-0.5024472249601792,0.04745116935610749,-0.6456748770528751,-0.06120675610710835,0.18321863472316036,0.10593126235635641,-0.09364129974691793,0.4523407789190219,-0.7721980939107085,-0.18839876758390595,-0.03016021022249149,-0.24425514991925767,0.15865797240631996,0.10254569175239836,-0.3023312123329982,0.4389488157174204,-0.34016517449736805,-0.2960164098340473,0.7306746424499784,-0.09046774008106806,-0.19128869143834615,0.056576280949536484,0.0870545400163234,-0.27160590005630003,-0.11954621529571308,-0.0434214960399274,-0.0759645940642425,-0.2217903615738841
-0.6960315801880606,-0.017775390513746103,-0.07711236641208608,0.2721664517227198,0.3792672068985863,-0.5763242543112044,0.1300428884027105,0.07900937746613224,0.6385675904206496,-0.8838829312821478,-0.26816501042628793,-0.06045218317033607,-0.21647842244805693,0.6388229687791902,-0.47059574728523035,0.16923952785512197,0.03361539021161675,-0.20650342586859805,-0.04496046611690219,0.303249295747684,-0.5680284813754306,0.04077029083108541,-0.6595827458026415,0.058690038970601766,0.4667666727286368,0.05629619062124025,-0.03863894494876685,0.5022581430284592,-0.8102197718680081,-0.17309394897557429,-0.17493258343798157,-0.05100363799382157,0.12364464312228818,0.05324410124871859,-0.2752722150660747,0.5410530516706311,-0.42056188012714246,-0.32339568098422766,0.6947655651900015,-0.0643477953214785,-0.1262982962093524,0.307924828727671,0.11657223624254431,0.0961069717724985,0.07785980945744742,-0.05537050299657076,-0.022609937561324456,-0.8600214189003712
-0.5136830308098961,-0.2860201272337123,-0.0621583676935733,0.607751014028485,0.2638663308978657,-0.4912258719462713,0.04893773600015772,-0.0797087393023811,0.6482279675741198,-0.8623836439333392,-0.18623302249345774,0.1763755184250333,-0.39314637656085993,0.43390549294291403,-0.42250047980062155,0.13332937510389864,0.0458365037046522,-0.14668800849883534,-0.3688310136561527,0.5577374766903938,-0.5896231468972498,0.09563869092176014,-0.7009565601073382,0.10977699303571797,0.7163525867758285,0.03343006804270221,-0.03294437154567165,0.5186427657800692,-0.5412805584965297,-0.28681042239913723,-0.24399154106819843,-0.005153423873400342,0.07368638975609465,-0.05520811785526525,-0.1922360696843094,0.6170839300478297,-0.45120689775914846,-0.3514727655721227,0.6474578237352815,-0.06176942069950031,-0.1404927198839453,0.4151397200325997,0.0820916260062936,-0.4268643525683882,-0.22733585712886617,-0.0345034029574568,-0.09058369992166915,-0.8065710055914832
-0.21177632364355603,-0.385624484658289,-0.02394413859982003,0.8432816132633707,0.05443826694464238,-0.3370391829519913,0.01631803458255754,-0.18465261531592625,0.6787269889027616,-0.9382658667673726,-0.1854996104256501,0.06201586401385706,-0.5932374494095851,0.23959312363393925,-0.043019527598093465,0.11927173168442184,-0.1388214533747001,-0.2748977359938043,-0.3085348810858396,0.7583275320374969,-0.6018203099217099,0.17681478906609116,-0.745480168674735,0.007965643682545043,0.7190676734301671,0.019356108605964595,0.11375555757516653,0.562886200001818,0.009577408369238372,-0.5086479059587976,-0.2764188646926261,0.27649921639034214,0.03538594313595289,-0.14871355381884765,-0.11697039802481324,0.6101880680098717,-0.5229721075361116,-0.33066845279964474,0.5629275211880775,-0.11038535438799657,-0.08929556778638881,0.2926426636967483,0.11682148278730797,0.04586503981326229,0.10358025204526022,-0.04384817868997948,0.021109940621571344,-0.7073460425132959
0.061660220318007,-0.3120763746673265,0.04359117162195236,0.914487798081741,-0.25682334816432106,-0.16721085636494515,0.07623214192850747,-0.049228895721838084,0.7174060173324852,-0.9252939530823675,-0.14631830008084556,-0.13806127693531978,-0.728923040023483,0.08332993026405489,-0.2305566697774537,0.13517191841725928,-0.39477412935115386,-0.35640261174799714,0.08767463511551643,0.775726579179538,-0.6639355997100946,0.20242920916582752,-0.7081577142314444,-0.2666836681574045,0.40460573862812144,-0.0011928200395944222,-0.028045681039151726,0.5694503699496798,0.469304812598488,-0.6631079613744806,-0.2216126405485197,-0.019957208339524524,0.002997131606790049,-0.29005118728172385,-0.10018617959122178,0.5649730523682015,-0.49720820731827076,-0.31379098670377636,0.49198926438403934,-0.11239238740592916,-0.06895274245042471,0.3188630692034724,0.1905209556551677,-0.25031988906447555,-0.3153474539652693,0.02551920746230918,0.01478732144831385,-0.7951718344029279
0.18662304113981665,-0.1491261453985856,0.10593742454574273,0.8263680528985815,-0.5772307850896727,-0.10132813443892952,0.17673130273985116,0.20239373517901216,0.7311815325731994,-0.6861965486959465,0.035589206252046646,-0.041709074153421954,-0.8620152842255375,-0.05476138517692064,-0.3162924124179627,0.11291569117879585,-0.33523525319303926,-0.1411915617940651,-0.4115556444746772,0.9653702090344751,-0.6532466948971758,0.2549155178357667,-0.7721934543406268,-0.20378994424584151,-0.20972317609194036,0.05738128236195661,-0.09329121449194866,0.4739207975438777,0.48615295195746633,-0.6318750846583923,-0.1319592987187881,-0.05207375978556983,0.01254480136013636,-0.23144667555434228,-0.07377580799749595,0.3930365866891874,-0.20325211137826216,-0.27262037947487505,0.4595986549029558,-0.11067197587330446,-0.010295364199164991,0.1409466300732758,0.11708699280834578,-0.1660466120239772,0.47600004322376344,-0.33982245697363955,-0.008819493434221948,-0.9076062392675756
0.14782509832522495,-0.0055104691554299645,0.12111265883488076,0.6637964790829878,-0.7761805309179597,-0.1987411930947075,0.20882982376585124,0.2647649586798475,0.7119388780873483,-0.38483383149298933,0.2659174571915577,0.14451475496142518,-0.9645171915749674,-0.11979544603934256,-0.0780164963254133,0.09929316247088771,-0.592991696365848,-0.0839567884632677,-0.06948149459926922,0.7184244443671473,-0.6581805214366971,0.3233177104428899,-0.8350598105462272,-0.10726160306649879,-0.6230407038421503,0.12221949854837133,-0.14875233757552242,0.47639316200568027,0.07636929982609297,-0.3404869092292352,-0.12782369476974287,-0.49785744395808773,-0.053444222611186754,0.2629924818232041,0.006544181472612154,0.20133715858876378,0.41384999825637614,-0.28267367261483756,0.5551071105960248,-0.08670134725743983,-0.06636964322002037,0.08798083943364365,0.2508451602184547,-0.21330970654339598,-0.4917575970269161,0.634685809376283,0.1743865603634558,-0.9369539667554476
0.04213603003305488,0.07341199013182775,0.09784082353889301,0.5260178113270768,-0.8244837286202741,-0.3646955135602148,0.1427657956904349,0.1000800680919105,0.6919670344608042,-0.19544681852620205,0.43436100100252095,0.11248680766714592,-0.9294668874424648,-0.04463140794835119,-0.035355288080416436,0.09842174247131341,-0.7555151848319956,0.24188304854765952,-0.13206693504881972,0.4916107752516883,-0.6744723849316735,0.3650236693035933,-0.796863277963379,-0.22389964066247825,-0.7122486974065635,0.1252955443909527,0.09140830958673196,0.5080135271160056,-0.5264956393683626,0.15203554429841892,-0.2684627808936888,-0.1650310601039644,-0.1173540619768988,0.9274262135045026,0.0022972737464672655,0.29428720404490005,0.14987965635107137,-0.25662994961726127,0.619248428168574,-0.11864453607781456,-0.2619429243516195,0.03500298829634496,0.255927365779143,-0.06211559992266613,-0.07843985122581143,-0.8230754929188353,-0.6153423173585019,-0.9377602881571346
-0.03017653458007208,0.11164034754360652,0.0731984952209519,0.4472407107305121,-0.7954504605703848,-0.4605551825404498,0.03467270308324988,-0.08722373289603391,0.7020507697663474,-0.08060261723617812,0.56317469658246,-0.030634947008721714,-0.7616306321845119,0.14258994889493692,-0.06662956110541152,0.0914211504171043,-0.7773504596354581,0.39874654258063535,-0.08228233581642486,0.25900491704262896,-0.7087590266318748,0.3754135790692099,-0.6852233358132809,-0.5339147512501726,-0.4889399679451988,0.05293681342926537,-0.05972196896774551,0.567966189847964,-0.5507584846482477,0.42977607502683624,-0.40265139480311607,0.22517250548095635,-0.087409451057196,0.7558092202232543,-0.11244138976404916,0.7167699916545267,-1.0,-0.20052144814522788,0.4748834315703143,-0.14997297979341906,-0.28546514331443096,0.1846038886804,0.07301081840571033,-0.6020933565009593,0.2818245017502965,0.5068840380467212,-0.1536334056019727,-0.8448752247275059
-0.04826711072014955,0.13987743783168782,0.04983102419250174,0.39647395343978986,-0.7490067620109697,-0.4466753747512099,-0.08137707538026606,-0.22822779323768938,0.7411642646208476,0.01489019269614178,0.6847319057304413,-0.12109762465120044,-0.5495712935307278,0.32777264216143887,-0.25761331835295354,0.07131385811899071,-0.5771556177099428,0.40276636577458746,-0.07161479336811805,0.1288496352480717,-0.7568890846603059,0.33311911569855845,-0.5840992803581009,-0.5515167397074614,-0.3631495537581545,0.024749136787353132,-0.21206458906158887,0.6321997657229008,-0.19411225720824588,0.4019349591705239,-0.42168160197176907,0.4282576162988436,0.06160253954839834,0.0007275673651587766,-0.20756500483525764,0.7000490718990418,-0.8380055285290713,-0.19423723579423235,0.2594913018462237,-0.12089060254226758,-0.2741570011856913,0.027861241301631923,-0.006236137821379106,0.3370754784026744,-0.4270647628175913,-0.2881451882421987,0.6065431195477264,-0.8571281479884356
-0.025328795072264487,0.17845696560106328,0.01411943774026847,0.326924212865096,-0.7152317713315758,-0.34739016027741454,-0.1960577466347464,-0.3535689326196271,0.7936580003720526,0.10178633043121543,0.8013465514140452,-0.08611219161453854,-0.4165208994491091,0.3999763217451415,-0.3587128074087468,0.0335491820098619,-0.27779799209251765,0.35016141263468525,-0.1710829291851076,0.09451985861582979,-0.7842436176415228,0.2913684578465108,-0.528582097908125,-0.3737886416738785,-0.3931452012853407,0.06447367309372054,-0.19244179635642855,0.6897516199232889,0.13862806986522624,0.2011242224020655,-0.33992489698496753,0.2736855238084057,0.18406875276634427,-0.4153639097160129,-0.15199112157023176,0.5552999096835316,-0.3467356853464366,-0.2315903442442343,0.14239788887585858,0.0033883463228980837,-0.152371906793887,-0.05034054829397061,0.07037688482758542,-0.6394416893396893,0.3342291087841882,-0.4617746003539971,-0.3458526276273919,-0.8828158087215913
-0.0027085898168132116,0.22561517629336225,-0.04075569964608894,0.19918814136758445,-0.7064540976387305,-0.20751126519646157,-0.29691866967718583,-0.44869525742655014,0.848881386532724,0.11455885594425896,0.8592311567778763,-0.11084407706453059,-0.3935017677035184,0.3526411684880968,-0.23288548610672477,-0.011252320596349175,-0.025033046154213867,0.2636104401212813,-0.2632294846419575,0.08094220589735968,-0.7778213772008598,0.2839582347075864,-0.5148623090598705,-0.2585979742712884,-0.42520454595123924,0.11392239833516737,-0.04635809803095925,0.7511758889760343,0.0956003303683457,0.07105558606451168,-0.2636053271378609,-0.06800007408729669,0.2304005115040264,-0.487562576402906,-0.009965123843426515,0.4425564301142293,-0.23219352061463905,-0.38914684437733693,0.08431963741610948,0.339324589600674,-0.5576716273490436,-0.07906183175687953,-0.030031308875934748,0.2861971934904213,-0.1608730013369286,0.7002959136405749,-0.35665693384256514,-0.9204872236595252
-0.02661628640800584,0.2534272411775389,-0.10975932165588653,-0.0014970418391487827,-0.7229374608854914,-0.07615060245102145,-0.3587456385332535,-0.41337841507871165,0.8989638673392604,0.07126419687671981,0.8615837970501865,-0.26564341846701023,-0.4095023163282936,0.25281441910838254,-0.14206779240197176,-0.05316582016853255,0.06480835742043478,0.2125162669730487,-0.19394348531053018,-0.010780038038576745,-0.7652792553927735,0.27501290836587433,-0.5309352185871937,-0.1301110018519016,-0.4125195947263536,0.1406144811666621,-0.12748714812252993,0.7762453826681954,-0.03979460517547828,-0.015815369777535837,-0.23671834240787326,0.071903311316595,0.16841973899752238,-0.42810097105330835,0.12975609490522255,0.3340950547825763,-0.28196995385474544,-0.7671298452744255,0.08714583723103408,0.6973052816182976,-0.193403226819873,-0.09889186873404354,0.17893773013597514,-0.416162768693373,-0.6266987101756594,-0.7289750291559738,0.3698405704612704,-0.19238729830354306
-0.11342862258472886,0.21772079584208615,-0.19299839142971897,-0.24919906467909858,-0.7255969990071269,-0.01878011024996573,-0.3872615518335514,-0.24402400577186822,0.9289655846297786,0.07582893655788037,0.8801464158469898,-0.3578399539842396,-0.41051840121763195,0.14741243498046686,-0.20501229335109816,-0.1062530574510192,0.08506754782988346,0.28577033339852775,-0.20985873777038277,-0.10689356577805464,-0.752731988426894,0.2569815753632292,-0.54688333676279,-0.0711872912638758,-0.3499841985786608,0.13621495902092695,0.038438808949995185,0.8069034703482423,-0.032672889739047695,-0.1519642836767322,-0.21793826946541484,0.09909795835162516,0.04336997224174444,-0.4160728532555463,0.2836672133552305,0.189515121164608,-0.2938909122807529,-1.0,0.07647955371089199,-0.0919612225808516,-0.091964065231676,-0.25141708373623406,0.04806402004288812,-0.13555892109558387,0.7940795690629692,0.21885932742518466,0.19863322278430773,-0.6394846104271982
-0.2574311894276279,0.07440810484470028,-0.28586607001217645,-0.4831305788689484,-0.6542282655404558,-0.07863159703971678,-0.41212588109498827,-0.005646000730133882,0.934493679690886,0.11059486802005125,0.9066441912749286,-0.4226846892026147,-0.38905825571247954,0.08209638304080746,0.0204935999221445,-0.19444565901553312,0.18391458336185607,0.3724161696543693,-0.563221914423717,-0.08091451933646276,-0.6948800908704448,0.280546105372838,-0.6006174827833302,-0.2132554891852353,-0.2953709523385112,0.0728446975281054,0.19020817957800307,0.8096347059382807,0.09841633245165982,-0.3275187495276026,-0.21991464108497927,0.16380479910949108,-0.08495777629413803,-0.4087913237462655,0.4507083412638657,-0.04954558039204138,-0.3150420882323137,-0.7938438668302401,-0.13931694127908012,-0.5460526226460697,-0.8773328686522964,-0.5821478046629227,-0.3344071656597858,0.0637370507635926,-0.17105262425830736,0.0989436857490491,-0.08485624889208832,0.31972560566496155
-0.3769774943784896,-0.17245056548937587,-0.3777649334841481,-0.6172066076695404,-0.45702360334106307,-0.24712261265642455,-0.4752902125520144,0.16430828856983815,0.9209737233124138,0.15819586582692224,0.9387796672965099,-0.4389009290946255,-0.3162049887269123,0.04048026928321402,-0.0030955920946926785,-0.2716833220802364,0.13261429931122026,0.1675175398638249,-0.00654604479299159,-0.3653212097929325,-0.7099960242657086,0.2640760779012692,-0.5994201560487284,-0.5004451264343748,-0.2359878206823257,-0.035315817209010336,0.025551006955912392,0.8657978666230468,0.1785694672135376,-0.4322052493307249,-0.2594548776990073,-0.031388092329909134,-0.20703496849382808,-0.34790545178139454,0.554021529604726,-0.2453134064940904,-0.2617859083485764,-0.45905157643413097,-0.4410861231495714,-0.5681833621256429,-1.0,-0.5903463673459833,-0.3467177629113444,-0.33721745846333606,-0.1451914497586586,-0.31138742891094584,-0.14427751315446857,-0.5287695673749713
-0.3193526253742477,-0.4169362169658535,-0.44584415299018987,-0.5841203196886489,-0.13359654783641106,-0.44760320410519716,-0.6105954245500251,0.0786972567621993,0.9004641648450189,0.22998038935402287,1.0,-0.19513484173460416,-0.27684156609354715,-0.11074019929560275,-0.43877636748395155,-0.3585083939248952,0.3739085766137096,0.21006483546914678,-0.03245335179013076,-0.46641718874343385,-0.7389192160677425,0.2158703614523536,-0.6125382343661072,-0.43852605575024306,-0.19304113654484856,-0.07187130539911879,-0.18436661951027822,0.8345078874911349,-0.2437174597387598,-0.29686672871750563,-0.26652602220986255,-0.41775320499440793,-0.26489579980521616,-0.2349566190091148,0.594661537924331,-0.3651181790539837,-0.15611554628843216,-0.22131390801065653,-0.6324628530594839,-0.2891521243439511,-0.6090856192781656,-0.11976740472349368,-0.06501879581505177,-0.07114639329768158,0.22202060909152377,-0.028252612920456555,-0.5518717310624488,-0.7411799209370245
-0.05769397357314354,-0.5102129898218191,-0.4429026995165233,-0.41708880298912987,0.2088404826512238,-0.5443131462506138,-0.7657053258170765,-0.1625877410280706,0.9060912767571208,0.1469222299961801,0.9625524517834374,-0.06914060471775063,-0.297614083379124,-0.3203529380465573,-0.10632314359828687,-0.478259001018838,0.4972913894227635,0.4220573494539732,-0.6044450220580743,-0.3633895305949333,-0.6598021655189752,0.2398584978695144,-0.8277149564905919,0.35708465209730367,-0.10857890939361403,0.0337211092793277,-0.4127515215314562,0.6890493348035953,-0.5709693783956761,-0.125937385764185,-0.24281373065094447,-0.09107740951661036,-0.30864064751347964,0.12700375229366578,0.6692753391674104,-0.4371176843123148,0.08883915136002685,-0.15161203119959565,-0.6820211664981879,0.023204843392096164,-0.4581985881064603,-0.0063541933150196295,-0.032910088309909824,-0.23852584514927644,-0.3495390509041074,0.07479997609927191,0.13922369971373572,-0.910542988294308
0.26443001443271874,-0.3787586978222076,-0.34518564778279337,-0.23265077996488348,0.42957745014936766,-0.46822877348808045,-0.832092842288815,-0.23420499573837084,0.9519029614558212,-0.11928567236611753,0.7844914815986963,-0.3489271853068274,-0.1845755600810337,-0.4350831582753302,0.07312098910833353,-0.5542613934160721,0.014222698576590531,0.42708639626119793,0.026602652035501606,-0.6399243024386774,-0.6409546219306239,0.24930265874932434,-0.8303429581299437,0.2457987933907959,0.34202326591000154,0.0489147240302068,0.42445142084308585,0.8093076022629535,-0.3419398822667038,-0.0778724393571043,-0.3087247061374119,0.1367597324078189,-0.41007082704054343,0.6156364040271647,0.7162554515031367,-0.41689693721051413,0.15149898847432985,-0.22164343482560356,-0.6794196153974026,0.07324838797528455,-0.43126000002753817,-0.15604090204117493,0.04809125186629526,-0.2518543686687216,0.11652144908466866,-0.26412496337609104,0.4528622250746188,-0.9109540541069328
0.45964149124860265,-0.07661706562220916,-0.1858533321869743,-0.13659216824463882,0.47064621196440304,-0.2913919174302244,-0.7555278834279259,0.026075098863164614,1.0,-0.27229573604580015,0.6572186656800103,-0.482684758079185,0.08380094703439478,-0.45459065709717217,-0.2953542089106487,-0.6441172683117491,-0.07753866976179868,0.6837424676923478,-0.27096328203507947,-0.5350154941619114,-0.6205771729946379,0.20543114464690615,-0.7074309064127995,-0.22259297474256579,0.5687344081335401,-0.0080413773591127,-0.16942562597416122,0.6858991053315302,0.22374445616884442,0.03828619619660034,-0.23364241950589104,0.0622778151588288,-0.5314012239045685,0.8899545996715414,0.6460983745952975,-0.18494189222161206,-0.19177545709385435,-0.2825472825574882,-0.6981258700510374,-0.06138153781842304,-0.307568419741868,-0.09484759288075406,-0.013275894472625338,0.12916833738561873,0.19356843727938045,0.23632580620800514,-0.2075254386642036,-0.9055469576485612
0.396306372438352,0.23041136091956704,-0.05147113609702769,-0.14729902876273426,0.41886594325703186,-0.17565537832148836,-0.6158511897973472,0.35637644738613017,0.9964083596985411,-0.24379127519634292,0.6315280399606349,-0.22513701468992098,0.3282462251959608,-0.4558922166546091,-0.14233497064199674,-0.7640083723882278,0.00671846864271064,0.577624533104887,-0.4553872845173357,-0.34864314594136125,-0.5745432570662836,0.1472544027417766,-0.6838316535424576,-0.09764633209809759,0.4560395159572279,0.06652382600192097,-0.07464720373658729,0.6743999555997082,0.5069576084543874,0.3028168107417688,-0.13747700281974817,-0.14174875907382334,-0.48807637507446344,0.7621949683084663,0.5441028859426,0.0670899208485134,-0.4781277044426825,-0.24218223943894568,-0.7715157496254661,-0.09410189448632389,-0.11837654354322658,-0.24237553753709018,0.07974706049150737,0.031128418631218846,-0.22229717576013974,-0.20216519797138754,-0.31882135669267686,-0.7820888744049674
0.10938106857258623,0.37826408605141393,-0.0072607762081197125,-0.18499048505396554,0.39603621552310053,-0.19431264750469623,-0.5252898232155228,0.43197305825134613,0.9302615392678972,-0.2626114336964235,0.557981573653179,-0.013791298127677876,0.49418615420061296,-0.4769858546362482,0.08490510514513216,-0.8497668722803347,-0.0277630203650282,0.3280985500038507,-0.14092115585881337,-0.3266487568558112,-0.5770105134332739,0.053489402985551715,-0.5358267204417902,-0.2554133936791242,0.3962231725643415,0.10762469418010356,0.09721354301040552,0.7580497323401225,0.4578130482918308,0.5976981754856987,-0.09675277954342587,-0.24235555594547975,-0.391735378133255,0.42629659854745805,0.409517682695655,0.11284548636050551,-0.5049989071581973,-0.22223008551313206,-0.815731049840234,-0.02580182228319927,0.089519271057797,-0.4773683116650047,0.23102045597047138,-0.4197804426875321,-0.07690592613980751,0.0007650950171400606,0.04115981540900848,-0.49809773366374066
-0.20333042659547196,0.3312725965768557,-0.03488084575597805,-0.15771667541082046,0.41151055714775575,-0.25993700926170726,-0.48870176571600255,0.28813865821918294,0.8322483589812644,-0.3731547538905483,0.40967783615130915,0.050464532205807044,0.6107425933998383,-0.5133621481201278,0.01749803146522133,-0.9059807663747834,0.023767729157903483,0.2511488714029835,-0.051525145142299555,-0.2599927176520789,-0.6153971880613169,-0.10472998919899845,-0.33797414904783285,-0.21082370820524488,0.3141740778785851,0.15442430936070894,-0.21155509287616403,0.7583461511851703,0.2008152846143716,0.8398136242607204,-0.03213709345739357,-0.2674508113831162,-0.27618290071390195,0.11365588665829751,0.2954581557919229,0.0662234388175642,-0.32850449614226873,-0.2559354511316305,-0.7896567376160276,0.03409890967295004,0.1712768051010174,-0.44711916485901515,0.2625326800008314,-0.015613851769429421,0.014690783949972586,-0.0534282839224024,-0.03339981116128321,-0.33572673767696826
-0.3805298531943605,0.15951448467859852,-0.09178920553620262,-0.04898232949666059,0.40837526588979145,-0.27337984123828785,-0.45930955802826523,0.0780464022976981,0.7306067542916068,-0.5192800722374671,0.22468005828263915,0.06803398925009407,0.6791325185306094,-0.5632443589991283,-0.08705574183686648,-0.9534319734085483,0.01618098618515984,0.3005083911035915,-0.09238913805689142,-0.16665653213749132,-0.6552619544323041,-0.28271057221699236,-0.16391855235942332,0.14340276531439478,0.2813421100726412,0.2564282888708087,-0.1606660356177727,0.7757499426388335,-0.02896843132231819,0.9426790474357014,0.028157438498083165,-0.09732980206160224,-0.16797095225656955,0.016690043984068703,0.2698562242951803,0.039516622310737715,-0.07313723702803332,-0.3044136905715342,-0.7321457910176239,0.03648115392163476,-0.024247473130365682,-0.4672635652442929,0.18869549562885446,-0.1071132764193845,-0.03841505303769799,-0.043724762594451794,-0.057378058289751066,-0.7441996736374601
-0.37713044858403544,-0.03409968003984731,-0.1522841905345771,0.08932586249966556,0.33401811737573106,-0.20556269189484677,-0.39828972979616706,-0.1090564323676021,0.6348835094518297,-0.6655144217816304,0.025772122240746986,0.07207303905032747,0.7171345723891365,-0.6121380433139818,-0.2035224575065233,-0.9844283263431393,-0.12718705175886635,0.3853673294495381,-0.06149309798690783,-0.07308100570103182,-0.7043725686512483,-0.4429860887238277,0.07160010646782422,0.17808623075650254,0.41417873360099944,0.32386957090132285,-0.006884405313466679,0.8297839471540591,-0.02959936360768778,0.8947511312549556,0.07849165637717359,-0.031224236762952606,-0.12723044105677994,0.06269498317298283,0.3047988695419408,0.11275120780631909,-0.055768107897337105,-0.35539466966754896,-0.6870414479008431,0.011536005043086384,-0.11795184651744739,-0.3810059913379602,0.06673052155654124,-0.39346090429960334,-0.19372569209135004,-0.014500521604214223,-0.09298168763821213,-0.27695223158341165
-0.23981585168030972,-0.16538359085117704,-0.2012398260963355,0.18578692425512466,0.16366393103504007,-0.08614370303775376,-0.2785774026903116,-0.2070365766628195,0.5417878691461886,-0.7741720641938641,-0.16465754625273799,0.07170053028841505,0.6898617795188902,-0.685497496577768,-0.2610727773623639,-0.9998687096669193,-0.10590546203110263,0.3352017942502683,-0.17093547531075237,0.1891820299060023,-0.7495056959664026,-0.5687378790933619,0.34450460774729863,-0.2055984674265976,0.6239629962530535,0.32793835346460987,0.16054486503260312,0.9184316251099274,-0.027701339462948837,0.8118344026291144,0.10423015705699834,-0.12631338144469195,-0.11531561376324317,0.10614261917765022,0.36329484310664384,0.1217244994582094,-0.061291053778103066,-0.39029364446311055,-0.6652732690026786,-0.029757575163867456,-0.09269986317310974,-0.26761970045351546,0.2454188832667803,0.28510904883934773,0.17857641355285558,-0.013470154917804567,0.009515302782944213,-0.7881639528088542
-0.08200109328629013,-0.2110660127292554,-0.22972679221126535,0.19029710849270076,-0.08229748837102746,0.013242287960659072,-0.08901602516344076,-0.1438696636627983,0.4435997139540606,-0.822536385706687,-0.3363949373116706,-0.0059903124221760695,0.5326967640929963,-0.8185950412772812,-0.11041734215636645,-1.0,0.07113376396466875,0.05239155406226237,-0.29553176817840576,0.5844549349028947,-0.775383009981963,-0.67643185947422,0.5155582944754664,-0.380237814620774,0.7092769781547945,0.33205989432772376,-0.1013625942519285,0.9678551079250541,-0.06428100044766583,0.7386415337205401,0.13174120850249538,-0.11594401368862195,-0.11549410889212053,0.1785520569289678,0.42814289837387,0.09738714380669244,-0.06580911797656785,-0.39440282161344076,-0.6609296482015169,-0.054220585466297044,-0.11337268887241558,-0.14630290806953272,0.37100425317341346,-0.5545486892783604,-0.32396174650201337,-0.02508595977654704,-0.13147573545454816,-0.2603910224017034
-0.0037760092624993247,-0.2112756858679039,-0.24181499407762463,0.11010336033494883,-0.328467200520303,0.006033998533546692,0.14362412381608225,0.06955626936341819,0.33052156731174875,-0.750964952987379,-0.4435384579397874,-0.11835419854112317,0.29627137252415103,-0.9609227601933042,-0.04470643451337053,-0.9704904376706043,-0.008980011671234522,-0.16383835909603683,-0.13569719912585088,0.8453462939681242,-0.8176322944907004,-0.8221122979372043,0.5711218806518084,0.11666441598650179,0.491228696414995,0.4294478353270095,-0.36327359915041635,0.9789577678749348,0.10535313493314313,0.6093742997614828,0.20861678656662264,0.17836599006981646,-0.09960933807255568,0.23223712603315638,0.454638276560168,0.2172900637970443,-0.2312673463865409,-0.3729166860811056,-0.6774070638675145,-0.05683760753077338,-0.01906711653824944,-0.023431421777231454,0.41382603706621146,0.19353639583874926,0.19009223906249573,-0.0953131429933114,-0.03972328670252023,-0.32691253804088016
-0.00529596706934754,-0.21566609785615043,-0.2521417511312767,0.016502625209956046,-0.47208667783149283,-0.15073147383884788,0.3444979651442084,0.24831985198969542,0.19827161175678043,-0.5060555455596049,-0.4256119386425541,-0.05671330318345913,0.10374591827546586,-1.0,-0.18950087124891335,-0.9191806277028322,-0.40812469884675306,0.06401271743493275,-0.08069272615107936,0.9391122294918963,-0.8758154063935139,-0.9657792725753185,0.6687680058929049,0.551566026574811,-0.016282439749190858,0.5770093475649809,-0.11401682275413083,0.9748380156791738,0.7883763763363654,0.24993631385166903,0.3804187662603269,0.6972933322310446,-0.04375405459279591,0.006284347101176868,0.4208089750258679,0.47862029022461816,-0.755825783806286,-0.34522387899866014,-0.7703277222244191,-0.010915378143208643,-0.017006047888356468,-0.2523594926715129,0.3230236639347628,-0.41401580947316907,-0.11377112071145856,-0.07208296661270597,-0.04144944352981905,-0.6340261307422485
-0.02317418336185817,-0.23444117588334046,-0.25896306373804967,-0.007889257713726838,-0.4601559928994091,-0.39750891319310766,0.4524122025649735,0.23322521229224225,0.06882132667346696,-0.21803170121391258,-0.34956421109057434,0.050023928337208146,0.021698658670053383,-0.849266959368199,-0.06198141932112056,-0.8639553708454194,-0.6974913488984721,0.39814152189718577,-0.34025995483930505,1.0,-0.9035960758256903,-1.0,0.8555061330459979,0.08131101017923781,-0.5027116661072197,0.6282829655506046,0.3687066612234142,1.0,0.8400479714239228,-0.007625555547933871,0.5843236571634061,-0.42630575779233315,0.0673161940610707,-0.6476967564349527,0.46284165430235746,0.30194687641399076,-0.7107803862236877,-0.3643536401508152,-0.9101052259659959,0.03465467942633915,-0.11043764252132582,-0.3251669075796947,0.2894117812667052,0.1019154334026775,0.3102228596665013,-0.05547234087926656,0.15830489776778056,-0.8036223988970788
0.002011357663046054,-0.23264065535727851,-0.2399019602763134,0.07080232479561621,-0.33497201360827056,-0.5996291526013593,0.478077231660782,0.08329315550882743,-0.02097116235057106,-0.030743090470874868,-0.3090097798533523,-0.047038565904105156,0.06407271952863525,-0.5392533370846058,0.07117975741007565,-0.7810850571345587,-0.7454764209226061,0.34601112107077237,-0.09384320362753285,0.8372373442706857,-0.9539632674242383,-0.9842338947791114,1.0,-0.5451843366034559,-0.8298689954620091,0.5941823002512647,-0.08486514719777127,0.9925768401396744,-0.011964917246924056,-0.0912427228944428,0.5717500996751619,-0.29017964341308466,0.10275244479996859,-1.0,0.49933596475496933,-0.03527063188555479,-0.6704931563257412,-0.3466629454328536,-1.0,-0.08236714651869903,-0.11718188664693618,-0.26256866254219,0.26619150809516556,-0.49061659242630173,-0.5605810586579617,0.19409835632872197,0.0353166597579857,-0.8763968579552203
0.0741271652776625,-0.16671485567680222,-0.17670002880979185,0.21502773658911845,-0.19248575789152766,-0.6564219569286066,0.4835026215471063,-0.005042478535586259,-0.05462643292641489,0.0975429832819239,-0.2823198325979108,-0.23787386438472669,0.13848967322404682,-0.22163127809927252,-0.06116477180482538,-0.6992847889455334,-0.38240846137049944,0.2708901941546791,-0.18553011701831756,0.7384989464981453,-0.9833191568710454,-0.951699718876899,0.9452015109904264,-0.4717733417248092,-1.0,0.6089957097043885,-0.1503527624061659,0.973966100503368,-0.7326226709095278,-0.33248892793392526,0.53251683524367,0.047250487669817876,0.09034194249571903,-0.7751671197249649,0.6699935056178905,-0.5876917119816818,0.3568949021138035,-0.33130023822125065,-0.9636013684723905,-0.042596548289004055,0.13971669814749244,-0.19244687692139295,0.40245925269181715,0.054964212734229356,0.17898179289294913,-0.39846027133522477,-0.29288071781338776,-0.8745391566866277
0.1349537571910846,-0.03595766204032114,-0.08877357658707985,0.3513845896251173,-0.08698876353332774,-0.5836861170006374,0.4979853930510856,0.023276132148546846,-0.04997972780957061,0.25491627737252043,-0.21487865363152314,-0.285117604614892,0.13715245255664787,-0.008493070606532371,-0.13709633820435663,-0.6350538751125261,-0.05339741216059213,0.19187101385241756,-0.21526799328409496,0.586585421856824,-0.9802569170125266,-0.862241207084817,0.7537878935403519,-0.15538323311185398,-0.9083294163552548,0.6341281096698625,-0.20289210291442694,0.9410894971163859,-1.0,-0.6302760711409949,0.4958125445124051,0.13762027853395997,-0.06539416692268674,-0.06442952749252717,0.8915651379966363,-0.5232017609062098,0.18368653340721286,-0.3029968342945415,-0.8589466199658439,-0.052788285176152416,0.03900100807682727,0.21197802876493865,0.4000889529335889,-0.19334662595184926,-0.10354646122859745,0.4664876580024562,0.10898282289509886,-0.7788873041335631
0.13128142853351354,0.11441130513134712,-0.02265607622877641,0.4311113702160312,-0.007348116021236084,-0.4596791487875045,0.4947531890136889,0.03424697014818334,-0.034378486015418375,0.4114118770456545,-0.12682146110440906,-0.19948185916478944,0.06785341190801097,0.10934243779607278,-0.18113847699368557,-0.5723660226862904,0.08974362773630284,0.2021812246477237,-0.1540752283675979,0.4002999439226915,-0.9746227275053896,-0.7387406027461609,0.5362376045711599,0.1273666948584613,-0.68441554622019,0.6541725683941157,-0.09460492637694884,0.9087773808529285,-0.9784741983273874,-0.8082748353148569,0.4513542867996241,0.15000023678048824,-0.256407225752575,0.3969025506844608,1.0,-0.2908484847060495,-0.20281866964705053,-0.3274610640179436,-0.8129740934350963,0.053895172640228806,-0.06284393252767273,0.4360160090350238,0.3361925718619332,-0.029440227063729285,-0.30232036365252746,-0.40763772335848836,0.17957475837924286,-0.5852120654930606
0.07179296304578853,0.2405807370560773,-0.004763452891414666,0.44444451620936753,0.05420070731779214,-0.31727682946710856,0.4567186873273752,-0.050636018642924,-0.01848145634650733,0.5053630123399107,-0.06077331870443403,-0.08836896204641864,-0.02447848180053891,0.18461181311692276,-0.17162094164006048,-0.5046764493041609,0.09435014055369262,0.32582344771786653,-0.15126556896645804,0.25153072404421284,-0.9727630571488217,-0.5967916397653124,0.3546552929581823,0.22958079163844713,-0.47549121550593454,0.6529518905877931,-0.058231795788710516,0.8377493619234966,-0.6744323784575856,-0.929035652406882,0.4318130976285599,0.2670080626673905,-0.4403208150868463,0.5365171343679547,0.9939953970829885,-0.07765286032643315,-0.5199715030067532,-0.342869750833384,-0.8334857308783844,-0.11866893937852896,0.011573566113817657,0.4345853938220048,0.18784368531822238,-0.4541352889621506,0.5706942725586084,-0.014995582726299528,-0.1527975008344954,-0.49845346369389687
-0.010150085462637293,0.319391627821068,-0.03713412465360655,0.39076548996902805,0.08227972350820889,-0.15374103920542825,0.39746279401344564,-0.19221094822686235,-0.0013524234610068353,0.5022298010330675,-0.04592379068403729,-0.052130525473762734,-0.10275386420681076,0.25410191542274707,-0.14869122801519075,-0.4290054857142831,0.05121692945965761,0.4324291679271084,-0.0938889869982561,0.11753056590905975,-0.9829867410377389,-0.45309705279127244,0.23014009867794627,0.1029230095885576,-0.3657595184661053,0.6272089863742238,0.0479082069223522,0.7693708122625809,-0.30305932549641845,-1.0,0.4471135712665888,0.1429487109891523,-0.5796924962420259,0.4521730192298261,0.9286145585223489,0.009746232027526336,-0.6012114692580235,-0.315903933669067,-0.8847894727398427,-0.0820643048420473,0.06390041096067423,0.2969452793066829,0.20798024955674443,0.2804621647942873,-0.42824890737905996,0.44424661859933945,0.02095693645063368,-0.937629853812744
-0.09796114937829137,0.3389640442082289,-0.10889023647565499,0.2653892774466182,0.05930410114264539,0.021667036610398593,0.3476359123753352,-0.28348879484783984,0.016144398465062437,0.426304862502747,-0.07539612315230027,-0.1033627004495743,-0.1833339155283421,0.29835697520831483,-0.14819472911153897,-0.357242529528933,0.14204202612569783,0.4677943701994083,-0.13814641623747392,0.05785377307806194,-0.9886579592400303,-0.3110871217278155,0.13400521492442397,-0.20273031112059914,-0.31069766251666675,0.5646456719887176,0.09161995560874137,0.6957299730854927,-0.2433521075614795,-0.9378491267395896,0.4521251098512722,-0.13557164838457225,-0.6757675877757655,0.3225492363402933,0.8403873547698539,-0.035416810994803094,-0.5572471054989144,-0.305929963965764,-0.9129251323938414,-0.02707918603624193,0.16444228343852862,0.25006391800680094,0.39240616279516916,-0.2694748265961586,0.2043945760209689,-0.8681359102642665,-0.4200412816592838,-0.7783062784176417
-0.20838709239685593,0.2765542788183699,-0.20744789295130106,0.06965941367168282,-0.007418774641682169,0.1654004385909691,0.33106107038901245,-0.22298976727440933,0.027503443906386815,0.325169326332984,-0.12573493487055276,-0.22738886537319258,-0.27260703084676086,0.32526427727978335,-0.043530186966254214,-0.3050932146997446,0.2607612832764874,0.4789385150086376,-0.28433566737781224,0.03268749125346582,-0.9658859284556044,-0.18418030810287112,-0.05436534047869612,-0.0888274864334534,-0.37280880053135246,0.5308309521486914,-0.21187218271670827,0.5529118099311305,-0.27449895796912704,-0.8255735990506162,0.4559370109291685,0.002852134356358338,-0.7389681375418546,0.27852805508155676,0.744209582348659,-0.07167102745636078,-0.5141441857037483,-0.2681236870237461,-0.9252658671430304,-0.08155080749577026,0.13963944318611232,0.13066037457793644,0.20082356910412935,-0.6131095309189485,-0.0321639570458544,0.8085301934900171,-0.14292739185315084,-0.5514335228518007
-0.3607335028063745,0.09369892133002855,-0.32412555746767124,-0.16501403950576976,-0.07143006975969135,0.21351630440155467,0.3440140071242064,0.013755187480171127,0.023852452436547544,0.2461266500973398,-0.16721075860868495,-0.3945650207202176,-0.3148862073179539,0.39635468366126747,0.10378591933369807,-0.27322619196640996,0.20379522685156903,0.5380490151980981,-0.33585546140262057,-0.07822815324584198,-0.9305629243776271,-0.07207437383135873,-0.2566863363891938,0.08779437338317342,-0.4192899770275478,0.4964494825489352,0.1421476882715298,0.49537138112830625,-0.1914003619123238,-0.7729402006941861,0.43557602825639496,0.0773634891674424,-0.7377442647863424,0.20714570832573864,0.6681428827633138,-0.10594876962984046,-0.503369768811349,-0.20730474715032077,-0.9701047461010758,-0.0004751360398748128,0.0808082317065435,-0.18788590391561155,0.1300829448710077,0.3064496064486195,-0.6136951624670927,-0.48274870936586356,0.33082747747327246,0.5884203551094787
-0.48139636360441584,-0.20951414952143999,-0.4573931897582195,-0.3578132986334869,-0.05131421951829884,0.11990110811853949,0.32887785704347405,0.22861581046878277,-0.0055886271310132685,0.2705137779815736,-0.12998478516731826,-0.335282384606316,-0.2844972423520914,0.4945665773941206,-0.11741679756424817,-0.2441774188374889,0.06289786117107776,0.5599803533929659,0.0046622007488936745,-0.3578868393403093,-0.9553251608028974,0.007362941062417194,-0.3011629313575688,-0.2977881253629937,-0.3175277319103812,0.36482502338830103,0.13001119314251097,0.478537092572098,-0.029345591891310918,-0.7418625235849339,0.3816451216564123,0.04803390787339068,-0.7845713848403503,0.14293191810628092,0.5690553305755881,-0.1100605070801195,-0.5091814561722916,-0.2473474972202262,-0.9713255961996266,0.1180178754800929,0.08932218884461984,-0.39654360609648887,0.18022799790160327,-0.6206688501754181,0.5433984669696204,-0.1633532247098598,-0.09789854193491931,0.007078434716721427
-0.42789637877133424,-0.5360992334880086,-0.5867875877733323,-0.42425182754926627,0.09571941409276796,-0.07089331129498122,0.22306603081705645,0.15092796889954285,-0.05042705694924887,0.324099961391102,-0.04648486801251195,-0.0075469058167445535,-0.2831340682750062,0.5184355739210182,-0.3131567076323858,-0.23713539872018363,0.2719780611075986,0.6306309833877861,-0.2046658732861878,-0.411502695570366,-0.9679827851741656,0.08745489486462454,-0.3810991054077142,-0.3740512662715584,-0.32390513475785887,0.2967048384531892,-0.15907025790303175,0.38156740085046037,-0.03333956909272595,-0.657700102637647,0.40153088209586785,-0.06851771998612655,-0.799908374918491,-0.0034939413957343346,0.478915247996593,-0.04942275283400521,-0.592886171637659,-0.3186052036541127,-0.9490111863255722,0.12112884544670144,0.1648418789943762,-0.436140962854348,0.06732683223695624,0.2887628904070978,-0.1716029080403041,0.5751311983127647,0.17090439981299466,-0.561931511297294
-0.1528344943272707,-0.7296217926845039,-0.6540017744327065,-0.3648521294886544,0.28473626049196743,-0.2098509172686691,0.06880243740854364,-0.13183273715524246,-0.06760165341573454,0.17875990766968797,-0.07780664566185003,0.07571367966210163,-0.30290982129534716,0.5089989515468751,0.015920791770932308,-0.23343032981587752,0.26059500230747346,0.6928350314134779,-0.35717831643105535,-0.456264752848883,-0.9342047264640497,0.19124498960362257,-0.6147670472256783,0.3228810306797991,-0.3154396316919197,0.3623577837044121,-0.4334258543009609,0.23324143013766818,-0.5594754801422939,-0.37339574963369093,0.46039565808543337,-0.6935327732527004,-0.7876754087614908,-0.13805276555227664,0.4664181532873326,-0.08905386576534369,-0.2848275266037993,-0.3828948465790646,-0.8763445089098262,0.11546198385250772,0.1490595601222675,-0.12754806735204738,-0.021511516417185517,-0.2520247387630261,-0.34021778909203615,-0.7176313029068716,0.09320997497260741,-0.7584921157379511
0.24142471999310722,-0.6762983799579392,-0.6132442409569436,-0.27304558334278406,0.37134132981657286,-0.19651858076972895,-0.016482600459576946,-0.263810159261732,-0.036209503986127545,-0.11460902665443207,-0.2093871184049657,-0.1762977312357641,-0.20005365994427282,0.5499676751779146,-0.024283197361905318,-0.1966979184681904,-0.10684014580227696,0.7511857657625753,0.05074454892661717,-0.6543075350327097,-0.9489140315079502,0.27543037026864714,-0.6555303798544361,0.23602406356281835,0.16322729792198598,0.33059142701933664,0.38780630113915104,0.29349667214472785,-0.8455508395363999,-0.23687503545280741,0.3056580195086611,0.22535718596593135,-0.8533571332569042,0.0913734918653688,0.4203448764129245,-0.14850874853313378,-0.20470565887223569,-0.4303212936379507,-0.7912305977423069,0.10869739457443162,0.08331771451662462,-0.3377644794086002,-0.0014435309906136728,-0.3645068673201254,0.043998082072465916,0.5014423053967338,-0.6689532271747743,-0.8422467750602418
0.5466729071766696,-0.39621201411413975,-0.4810633879559264,-0.25721071106561866,0.2952409611709279,-0.09290996745060032,0.029293855288636816,-0.054401926118704425,0.01141623257995672,-0.2928653743167102,-0.2756687407905759,-0.29907645926692605,-0.017709237105668962,0.6159589786440938,-0.2175568390615472,-0.19381317571954715,-0.05518497239982023,0.862146289884077,-0.406959257801878,-0.40244906745040554,-0.9268891072529986,0.36407151348829725,-0.649441807519846,-0.25332448977978916,0.6030272842608384,0.19278505983138805,-0.06415973899954097,0.1559971172390784,-0.21479150479046705,-0.39787883535531776,0.3471540190649367,0.2088681126980121,-0.9475058258133835,0.09742634680988815,0.3899836050424097,-0.0646112264809724,-0.4294059623842552,-0.41990486005179095,-0.7954184874174091,-0.11934278688624467,0.02710010828353049,-0.19735431067696685,-0.14796121526079165,0.18437257034918297,0.1345813908215716,-0.37304110129837176,-0.009181799804339086,-0.8218515866646298
0.5816090821909745,-0.04931963636314918,-0.3372469575017861,-0.33972220712241674,0.14943109644825925,-0.06556466358480284,0.13324907662126506,0.2750498705675646,0.024450172677881632,-0.30947224267433504,-0.24573166631147514,-0.16999960541392956,0.11319714214281396,0.6471558834617035,-0.045633148398460444,-0.21139594527353323,0.025990514032964596,0.5013808393539669,-0.31620418188270727,-0.17319573722394366,-0.9102526325490041,0.4240420125796853,-0.7646474636522727,-0.1268405214890268,0.5901386916897917,0.16324857827766315,-0.14459062655741295,0.1013990897387369,0.2428135082063374,-0.442359576007069,0.4165588241019056,-0.01681891683641934,-0.9384119963299558,-0.0403054850370409,0.3395415720230617,-0.002224388184862258,-0.49933772582153346,-0.3406320357204198,-0.8391910386668775,-0.007755335275079878,0.0033056162690339175,-0.2787908037364596,-0.12347888061373424,-0.43066498479874893,-0.2606080142780831,0.3051404549090919,0.8279101279679537,-0.7931560308987105
0.3482129026583294,0.18568948867025048,-0.24491139380002147,-0.43392077844268884,0.06302848114050263,-0.1915544227714655,0.18889445720602493,0.4377641897664768,-0.011381804644365334,-0.30139293805032763,-0.20604270456434326,-0.04164452390132356,0.17257472874287694,0.6346841007642736,0.06527410978524029,-0.22239031025756584,0.015909803244192666,0.2754130198051654,-0.21784258535128442,0.013012472050042856,-0.9152981385727338,0.4465783348985657,-0.8390109881825994,0.03253471347391801,0.37849384002166886,0.14987363898951855,0.009767191222392668,0.05097379070816044,0.3373578445156422,-0.35386729005003814,0.46954997004150933,-0.15522709605771956,-0.8825755750278996,-0.19127621325362987,0.24873218692994858,-0.0733633301431229,-0.4574645557079592,-0.3273870394267937,-0.8449810652488946,0.1149859808141005,0.1502590207029486,-0.35448146812139936,-0.037249916657402404,-0.009003671958472736,0.2322049191488802,-0.5846036326868502,-0.6242230006707128,-0.5433149730524622
0.03947911573639562,0.24543854364905737,-0.20655218551475218,-0.42682889389333545,0.07845976200137494,-0.395084186133678,0.1542192018794446,0.33766069607128,-0.0737811182469642,-0.3021790487059475,-0.1683852744107165,0.09795771821875254,0.21717700654669425,0.6169646012350816,-0.056445731066445126,-0.2242423362585857,-0.12724323799690784,0.21699787286819383,0.03617461325953619,0.04487799320316577,-0.962686513686468,0.42934109991672176,-0.8315220433050023,0.13103656681619213,0.15285407721553135,0.1279793103464879,-0.14513456502151423,-0.03739941525132018,0.2934243262293983,-0.22632409573200862,0.50953308962656,-0.1379074355360258,-0.8617412451341897,-0.25009647131398305,0.14248384759838872,-0.149288005638316,-0.3745385509627398,-0.3758021462769562,-0.7908517272864739,0.09981946173018219,0.06340372940640471,-0.5007983357227697,-0.18016888432651923,-0.3254535689738698,-0.14973791758970434,0.6576638122854379,-0.32848936764297787,-0.7221918424384741
-0.15234117184854512,0.18926285112183727,-0.19412426982421538,-0.2796717535368656,0.1471785420467131,-0.541410885462074,0.04755889062550156,0.016923827284717863,-0.12851938937835783,-0.3676870055241017,-0.1674763273469465,0.19469941291989867,0.2549753283862479,0.5951541156031719,-0.19539461924736679,-0.23891363811886634,-0.14713897961478573,0.3350183334314938,-0.10919283106099154,0.15868665169232798,-0.9961160277521666,0.4207448162748102,-0.7935892588754433,0.15478291095512464,0.004567986391613266,0.11590108250535702,0.05838419333454081,-0.11980911548556938,0.10040108304752793,-0.09284961273247594,0.5410472732614924,-0.2007805062460144,-0.8248788638306916,-0.2950540604367611,0.07321030187161659,-0.24215962540467262,-0.3295968413099776,-0.39640201052177826,-0.748344696861148,0.037605390700641284,0.04648472602901044,-0.5944071748867197,-0.23734507791218673,0.11370722099874975,-0.5753434633141162,-0.47082603526476097,0.42710158224411754,-0.9820925502819456
-0.17150574773390848,0.1259053935322587,-0.16660770564435878,-0.05562318249029674,0.1621006099281379,-0.531400336409484,-0.048472208957966334,-0.2840350051633532,-0.14941172736678454,-0.5347906262973023,-0.24369430063300035,0.08430794618687965,0.23024747385116773,0.5174967262831913,-0.13174425152043223,-0.26770498791080133,0.017132925297181467,0.2005512582511162,-0.18560674971073288,0.317882616929275,-1.0,0.4610179238640866,-0.7200561894339849,-0.36351106928028165,0.18095869555821076,0.014210569938188256,0.3400251668989165,-0.11943122644345583,-0.2322964535696267,0.00981658891676851,0.48512620400934914,-0.2822218140320788,-0.8133291874679209,-0.33113684460196124,0.05501401638039227,-0.45138646007908667,-0.2957370746022461,-0.3899918765171638,-0.7208792266239572,-0.0018935256662185873,0.05424817865050269,-0.5759412204801241,-0.06695402888498325,-0.4752458341098864,0.5934706084230108,-0.12310470825962105,-0.07123033641721577,-0.8313974043960721
-0.10558926872075025,0.11664735788193514,-0.10726093695121641,0.13425477914957762,0.052311423800974755,-0.3897971915407378,-0.05392264894886922,-0.31728571873368683,-0.1431136242430756,-0.6951737569305871,-0.3419846075140637,-0.16550082794148857,0.11628603018796868,0.33810156901572697,-0.19232477061332287,-0.3063388723568209,0.27397047032785404,-0.09139119530389328,-0.1252587932322149,0.49041286030063747,-0.9913494584679599,0.46725939040755526,-0.7608624393359136,-0.3820864305500705,0.2979584041499894,-0.060912449365379984,-0.31575258696760655,-0.23374564925689145,-0.34443235841525477,0.02386490609598746,0.4668336134793858,-0.008583280563347673,-0.8380931467138408,-0.3257939593167227,0.028457956329662748,-0.5411439437439343,-0.35596803492483153,-0.4069323790966385,-0.6806930706172309,0.07723684685422838,0.07461214719423892,-0.3452751846947133,-0.1910781208938378,-0.08010654516038829,-0.38336994835554883,0.5638554052816416,0.09346330967478278,-0.8778316357435163
-0.08515045370877683,0.1346769387735034,-0.037812945944125875,0.22145759821651323,-0.14521751501234648,-0.2528048235255749,0.032435052639589346,-0.06918196122966924,-0.14456009854209784,-0.6835757576448119,-0.35366578893734235,-0.27352047298139537,-0.10099776581402753,0.06422169410967671,-0.2651695353489206,-0.3731587443455233,0.4046605612147902,-0.18576161080936027,-0.2850725153817397,0.7103460794443466,-0.9458467182159178,0.4546833696075179,-0.9190936297383763,0.14027343316559504,0.30577319575921047,-0.0346056961297303,-0.0027302300468021734,-0.29779696621153207,-0.3916318135766783,-0.02072734706979129,0.49285250134304337,-0.11171508923460194,-0.7877266984677338,-0.4362175739882539,0.03575232759518565,-0.6096826082676843,-0.3541652699586423,-0.34962511023391774,-0.6727503261372219,-0.15053355495501197,0.22817709558430788,-0.24720528921746465,-0.20047449221421187,0.15251232227904699,-0.07065133965588011,-0.6851260604403934,0.1477593161592583,-0.7659822091506807
-0.1552717893321024,0.1102699218265264,-0.0014543722731090725,0.23406297499560202,-0.3027110858407699,-0.2538592513000981,0.11792491399083893,0.17495261345613322,-0.18253721824132696,-0.4878043203263165,-0.25416820869975143,-0.14224982306867107,-0.341486837784287,-0.1987450370644923,-0.2705396217546697,-0.4448629912763937,0.10160171170025456,-0.1009539368568857,-0.13905836963397056,0.7516378581376144,-0.9158668112659771,0.4548744592397018,-1.0,0.28248856618951446,0.3808888396073442,-0.05751527373137222,-0.05129603628028245,-0.3795543511156325,-0.21558166458728134,-0.1198802555232843,0.48500039539597517,0.07173199004473196,-0.8083161932345334,-0.38208161048437694,0.02285270664457295,-0.7053164264004406,-0.2478259068583465,-0.1411508839039085,-0.6505303766769877,-0.48013477883383304,0.20854397204149233,-0.23938749088189726,-0.23320370507472343,-0.578377349543694,0.15665774904807472,0.3768952731337618,-0.6972674054560756,-0.6679390602837896
-0.24123667104892166,0.020822691252526004,-0.005757813007714052,0.2588417066430373,-0.3307601411260166,-0.384291166326689,0.12325422705312472,0.18601526101092025,-0.24425934883138178,-0.25838324999407736,-0.12786385659727317,0.01097321444995103,-0.5071511917629663,-0.3440160237484037,-0.19039106474755074,-0.5135248186626489,-0.18232345239319914,0.10826073831879213,-0.22365689024664126,0.835937115398351,-0.8947759914639687,0.47241936131056983,-0.989129212449483,-0.0024424409917126466,0.2913012686969585,-0.11163442653610622,0.2865168496344006,-0.42119288601805416,0.3049876296205334,-0.2703896570723331,0.47568647320118296,0.3860160301151143,-0.7909957420880485,0.010821670267042727,0.0006115044741714648,-0.935535910452907,0.22355359494534044,0.22625683210337488,-0.6208216532600733,-0.6671693563482572,0.21071148338417212,-0.6283858374560871,-0.26561640565102784,0.06645426243568986,-0.19765968384840238,-0.049462041181732364,-0.03158319340503268,-0.8370294012846202
-0.2352216481769509,-0.07564617407484842,-0.014535752635565502,0.35098233200871043,-0.2544522500026821,-0.5125913853125895,0.05682322091007119,0.01103896074723787,-0.29120995973553776,-0.10163487308986052,-0.04176413714197447,0.012641358108065548,-0.5741901798550304,-0.3735939974797674,-0.12828611920888988,-0.5672167700032024,-0.362288116460892,0.16189012772165956,-0.042391533877867205,0.7830359413128996,-0.8957692258154059,0.4775330451761244,-0.9146822968621001,-0.45481731023843397,-0.04994738254664455,-0.16306147416239625,-0.043338618232619974,-0.49502539259912026,0.7816230006020164,-0.1492253875343349,0.5268741490624529,-0.008740802969348649,-0.7851920896618235,0.8353203090419319,-0.04785987453647078,-1.0,0.6799375414423137,0.4060126579176895,-0.4474359857414222,-0.04660106751280335,0.1025424843267424,-0.7376162975291438,-0.09685864084545437,-0.44386447293170905,-0.14541172802911528,-0.024011761683674693,0.49193281772635933,-0.9308907460192328
-0.12608442046591828,-0.10181247864460474,0.010268618642969685,0.4802622687494831,-0.1664416580024891,-0.5263640785621457,-0.011996418587300717,-0.12416577626399228,-0.2974611377131382,-0.01934901866814709,-0.004083904832315244,-0.15704465338375106,-0.5646604626820444,-0.3343940467344849,-0.13040925058592756,-0.6289313514614867,-0.2628543549467174,0.27283145966074174,-0.2190740826932298,0.7484972713806228,-0.8568824241948652,0.45394245567243474,-0.8954665325054849,-0.437613865460331,-0.5608984074179071,-0.09555549183213519,-0.06737114476162198,-0.5609258850723982,0.5232471211140379,0.39528132374233405,0.5744623161566513,-0.3093221373614816,-0.5750637499466709,1.0,-0.2851810701666836,-0.3592877094522393,-0.8487279811378163,0.47326258742073213,-0.4071485222043415,-0.028286052004298012,-0.03401148642050367,-0.46467694787026315,-0.38699809406953833,-0.014082209885185826,-0.07019779671871795,-0.08122404499321478,-0.4088596820111611,-0.9432701510686624
0.0006010390887316586,-0.03485404515194068,0.0679153424387895,0.5725685088996362,-0.12903738981395618,-0.42667904613636765,-0.03416967498333057,-0.07989060968895745,-0.2728204922831794,0.08212596685759976,0.04188710723916689,-0.3029729776112634,-0.5168254500544022,-0.2750861500445302,-0.16017301687616559,-0.697375740903418,-0.1988349512350457,0.3289516493732416,-0.13271363602656994,0.5182594327202334,-0.7965314215680444,0.4175580686414573,-0.8538226824518746,-0.40970310562768864,-0.709382791442485,-0.0052246937780981995,-0.04247461830733612,-0.5389069248771197,-0.004332593607869417,0.8891800756363948,0.5725453544794379,-0.1649881534212847,-0.2669556701835384,0.3222536278285213,-0.5596832449930031,-0.30316628249180133,-0.8029770187251475,0.30167830832935594,-0.4236349291514059,0.39904962479988226,0.044864785818830466,-0.6945536265372034,-0.37780242875778536,-0.026478233081091984,-0.04870943035626163,0.046813197276022844,-0.027366467401753636,-0.9413610665734916
0.05191816357188128,0.0773250821055591,0.11730676063517764,0.5823092768931288,-0.12497827153542529,-0.2997041583733119,-0.03166346977336354,0.04536763827643453,-0.24767395657853253,0.2406732379982417,0.12435045821434265,-0.28168171430095434,-0.44543379387099213,-0.207591580320178,-0.2382367806388459,-0.7698489204620906,-0.11057604485799855,0.47819433399809497,-0.1989409592426813,0.2987186864330169,-0.7236389609405738,0.36603665862768353,-0.7994226935952097,-0.2801179503141985,-0.596927790182328,0.09820324301827354,-0.13630673031760154,-0.5091087711913586,-0.22540138663915354,1.0,0.6073289496199028,0.21187041724566114,-0.03569786229048477,-0.1251235476300494,-0.6625406584671447,-0.3714079209827944,-0.322904646426187,0.011969407606165605,-0.3585919167015884,0.263832482557095,0.07496816453164024,-0.9533534500700325,-0.5325438144915209,-0.14866241417601345,0.15506259212155626,-0.1394475007826539,0.582562804070323,-0.8897406866419618
0.012188954515426564,0.16830113603794095,0.12150174568415562,0.5203550705378384,-0.11138487728833912,-0.20337848898121103,-0.051805264864590694,0.08489788360645534,-0.239788349942756,0.39708548982408365,0.20860064677428625,-0.137152647488477,-0.37265245518679635,-0.13156236236341623,-0.17508076295492425,-0.8318772929003024,-0.08657537261311554,0.5851273221232605,-0.18105372016226506,0.08910034437586223,-0.6600418083995832,0.3206740546477307,-0.723528159838089,-0.20115449182737477,-0.37307622800742424,0.1989069459234296,-0.023359459074793754,-0.4217400390258361,-0.1380792472086827,0.853007494422364,0.6776550986988006,0.22833657684976938,0.09770914222942362,-0.2550446905906657,-0.6110690133828449,-0.3397846115155362,-0.09782930173913984,-0.20809876776561265,-0.26372429700386013,0.2202729324204169,0.07483453261283923,-0.9340102661977682,-0.5868241300167838,-0.21619082051125316,0.13605844572740322,0.01161025316939468,-0.3315717236424124,-0.7718912802071614
-0.06600466320776976,0.20345069940729088,0.07261288962853496,0.4209099665857261,-0.07510990902079395,-0.1289050255256856,-0.11382037097456732,-0.022484036820346054,-0.24480124856064456,0.4571756962475546,0.23150421098786933,-0.04807474268373646,-0.29914032572443405,-0.05194629062675227,-0.12389908955037665,-0.8657422663404182,-0.07255115164491976,0.6294007272900299,-0.07662235209396417,-0.07675455151935318,-0.6280640047594714,0.2727008722820885,-0.5946320204402412,-0.3262234873787214,-0.13638487871973937,0.2588746755318341,-0.009539105511031765,-0.3228109585070438,-0.07844190208114299,0.7029112135489872,0.7331302032798475,0.08465560893413016,0.15860126231049243,-0.23315420741868942,-0.5283953401502643,-0.2935673830414649,-0.05894695577609632,-0.33942793244974945,-0.16563639830061316,-0.007097232116528129,0.07887725013142033,-0.8409956446384714,-0.5871566145029545,-0.04966866906272671,-0.3576776208270013,0.12032046900616589,-0.8397333851291099,-0.5979788210197713
-0.12058279859078402,0.19274030498888872,-0.008143446140887023,0.3000580302139044,-0.04741716721114364,-0.036694483284502755,-0.18762854205612556,-0.17298202474894653,-0.25073771552044277,0.4183361476673597,0.1856758487463368,-0.06074412870587553,-0.25059526405590393,-0.0034749718346482883,-0.13851838107863168,-0.8804829621595505,0.05847745497018764,0.6144553795799463,-0.08195190775458916,-0.11928910647302615,-0.6099129560727363,0.2162402268468422,-0.4721359640409488,-0.42645262768760406,0.04146500571646938,0.3057467204103945,-0.05225568190851282,-0.23777774517967865,-0.06132906135386462,0.5847130611469258,0.7691872906595667,0.12179817743218035,0.19197770243416978,-0.14327409179913264,-0.45642305011117335,-0.26996743453968663,-0.06052714483047328,-0.3973441418382482,-0.08937088925234626,0.004520311077121031,-0.0008977027855899822,-0.8345896461022203,-0.5637428596355338,-0.3064069007725967,-0.3777597145655429,-0.18958007448592695,0.015620400060376793,-0.6789074028802671
-0.14981408020999099,0.15104817233564583,-0.0975607255518175,0.14618100058290584,-0.05839178632164321,0.0732880017538684,-0.2309940232129869,-0.21917806468740564,-0.25474433576106426,0.3269114187339297,0.09394556609022509,-0.16405537440809892,-0.25119571233474225,-0.0010506955042643984,-0.08745192512934696,-0.8918982663222548,0.21174602369707052,0.5729012978810168,-0.19716896411839058,-0.07282289115437379,-0.5755196605024251,0.16026518525204048,-0.42151711727411545,-0.2940966441066406,0.09702104334263306,0.3754765497456667,-0.1372315939848504,-0.1851322948105525,0.09352337953116074,0.44093679423422305,0.8333599815670159,0.19560174272879594,0.2224910541827836,-0.05539807286794096,-0.38508496053564933,-0.2170209371184474,-0.11747469947707556,-0.4147841935645403,-0.04996104973676341,-0.10456940143962512,-0.022297003984026453,-0.8504672926641011,-0.6981999309081621,-0.4795711775872915,0.18672163069069003,-0.09758162553151817,0.6558729595392236,-0.7471435372647958
-0.18592021890248678,0.07033760926960975,-0.18876181898711297,-0.04468968917434635,-0.09449795679261719,0.14799265493991265,-0.23375551493016156,-0.11707279478341015,-0.26699578753819975,0.2552756372339029,0.003485390012128775,-0.2707569505331695,-0.26156963102523556,-0.006267842381367572,-0.08195080859689596,-0.8965314171652695,0.17640839559972443,0.5664451050746633,-0.13900291056222525,-0.10304859277360923,-0.5455266374631346,0.09348165335768077,-0.39284430796117664,-0.06762741045273202,0.0488471410424558,0.4620160941636793,-0.11231970488523335,-0.12586894782700708,0.2775502947463857,0.3283994560745449,0.9113669837872318,0.0907863472903081,0.2493353356174186,0.0019014018564675883,-0.32649777758856324,-0.14489040174544343,-0.14564814197455278,-0.4010072002576095,-0.026501288086741237,-0.10455095339597309,-0.021717301992886906,-0.8134464573063143,-0.6831668174472818,0.37499051223556545,0.38740739245185707,0.14466319400148242,0.4171563843554964,-0.27807475745634846
-0.24138109939813968,-0.06846306366470378,-0.28149368662872676,-0.24170042012045923,-0.10694307051383822,0.13242413463552682,-0.22127294051306468,0.06405640427496606,-0.2972460867261233,0.24050374160317545,-0.054053939420427355,-0.3015151758269239,-0.23911746921455268,0.033232392768429486,-0.06328947466769208,-0.905508476771243,0.10278643207818017,0.6870823189376591,-0.2957204666141675,-0.09764450050679807,-0.5036066180284299,0.04158936216935194,-0.34123329900877575,-0.05276259191383681,-0.02510413982652271,0.5212082551266362,0.09023812198537584,-0.059922279737253725,0.36632773191958323,0.2741608519409082,0.9581773857724243,0.056551033924074456,0.27961570989694207,0.05694363324686291,-0.2791832621635084,-0.12109534265402189,-0.16277113512080987,-0.38625346246778935,-0.009060149368962156,-0.08459484439539244,-0.013353437824881076,-0.9681651702644498,-0.6267928965936811,-0.18064117028852866,-0.3596141169005522,-0.052736562839444834,-0.5728531391554468,0.09170265633494923
-0.26785792592973345,-0.2551100061580188,-0.3717270481932381,-0.3833592445005818,-0.043610753574431005,0.016257651181054822,-0.2397303361090889,0.16814701251624875,-0.3453061984586079,0.2672519556163455,-0.0769319909920465,-0.2125590656479026,-0.1850402540223678,0.10552578676773283,-0.09297246044393948,-0.900772394190031,0.025720017803063433,0.641289303567022,-0.09298432256322897,-0.2103169275778698,-0.49630856600993034,-0.006666741690999456,-0.22453626542291327,-0.3534050586936067,-0.020009109146531534,0.5268020492992462,0.06268201616224589,0.05065656624236037,0.39031817755052267,0.2538002523970193,0.9613913218796533,-0.01056540665414496,0.2699975235549865,0.10407051883413976,-0.2438800489926385,-0.08232777582028916,-0.20792689369560602,-0.4486398388903383,0.03386604111592817,0.06912493275138609,-0.03740964067419805,-1.0,-0.6353380757504559,-0.3626174302378382,-0.07131252034354452,-0.08791354079970926,-0.7497448151361383,-0.40339449452442566
-0.18564799631074846,-0.4204207099607431,-0.43811042477211704,-0.4198314851528866,0.10028007303106334,-0.14185065842829347,-0.31273048164567696,0.08906927347037707,-0.3951564713478535,0.2648466210665583,-0.10404247086239249,-0.06747456215375602,-0.15932106667574364,0.1337264791342705,-0.19266548862948274,-0.8841217981570204,0.17627221868244547,0.5859652546841159,-0.13365241711349352,-0.2092757523847325,-0.4952864401554089,-0.05777398341259088,-0.14444649699006917,-0.4037841438765556,-0.005395287642230628,0.5641939153643725,-0.14216656817168505,0.11823414728027881,0.04276969024530142,0.33419010701235785,0.9843334706285141,-0.3410673008862395,0.2937751151743826,-0.09635595351034609,-0.22559416779105845,0.037538063496482366,-0.5248606058155121,-0.5041592890552213,0.039241582031288136,-0.0705246686815929,-0.06533457202509163,-0.6481670150985168,-0.6261893652476231,0.021079393137607205,0.1701630306752302,0.029570743655138676,0.39004096585280745,-0.7513379895759243
0.01791559177702018,-0.4695766367416667,-0.4438263980054987,-0.3652196526900032,0.2522008523679069,-0.24188741849513662,-0.3981907867637937,-0.06175814834224502,-0.4211839998679978,0.1614603806036392,-0.1878347421789045,-0.05045279106564904,-0.1571784532873185,0.13597778963566198,-0.07645745679567217,-0.8570104938306432,0.17827930576742568,0.6038572718684687,-0.24735123490522715,-0.15985881089215603,-0.47028648625897773,-0.09382687037615889,-0.20435269115494792,0.20609411551197065,0.10321612006147607,0.6850677350298717,-0.4358281892654954,0.11422277392004476,-0.6153452250969023,0.41666327174288154,1.0,-0.4463027413550458,0.3499041028282053,-0.5567708553740561,-0.19175596025485997,0.0938324161796642,-0.7257606024650933,-0.5341586496652277,0.0007342420930100957,0.043327932182842366,-0.09588255534477519,-0.1905104764147607,-0.7984640283306783,-0.7124090089121847,-0.5486344615417764,-0.13992469295919618,0.451797599117014,-0.8996102187008462
0.25382235720053603,-0.3561116241651108,-0.37544684784582694,-0.28809832533456614,0.32991421736020654,-0.24317700572726442,-0.43409944289345526,-0.09839650271928779,-0.41776676211698827,0.0012904448717769856,-0.30825483271220644,-0.17894373943311492,-0.09655551705197674,0.17431045941180479,-0.08686514087426911,-0.8043163912896503,-0.0807520454914189,0.6378371330657533,-0.0811682707735627,-0.1586803127423585,-0.4697279062989268,-0.10459976845655661,-0.1737269183789597,0.2327507829345834,0.4969399982928999,0.7290934949068106,0.28680319889254546,0.2610072032263189,-0.5398193986810447,0.07476306199146299,0.9036588572046387,0.5966967555820721,0.31231401388454705,-0.48215323633401164,-0.07616296887828577,-0.2817812227673787,0.15441976197579366,-0.46981029540817354,0.0021201084894963973,-0.46091243008494454,0.0055333202190821495,-0.6606005838738036,-0.7051995569300115,0.385458807438666,0.5096062701305277,-0.07172084311360749,-0.41887533520809017,-0.935661480979214
0.3905571338702609,-0.12277824906042034,-0.2584283533290974,-0.2520659893440981,0.3098822674760544,-0.19429681790466236,-0.39956745637293756,0.046278652947552734,-0.40675622256637534,-0.08841841669242823,-0.3844881474367685,-0.23482420716487507,0.01871674126669376,0.2558071630596557,-0.16910508666867452,-0.7561738348316532,-0.1482766084761299,0.6594908399042023,-0.28448924013194155,0.06974695640666217,-0.4629866358412599,-0.0860084589285306,-0.12071289897782345,-0.13967259841357837,0.6944611144052275,0.6787716564698121,-0.11779787443239087,0.23831163070152472,0.15890311971131021,-0.387009494165484,0.9895394531135455,0.04893484149118987,0.18642113017501094,-0.1462577784655319,0.08911006623124362,-0.21251939299222122,-0.01115955170225913,-0.28869426874654325,0.00964496459820352,-0.2827914239752696,-0.0534285393837205,-0.3657259384830416,-0.6235415143073155,-0.2939558809878443,-0.4488739671071631,0.306497970294366,-0.11330743865104398,-0.9210765497428169
0.34118452979040437,0.1155760111440316,-0.14623861442043673,-0.26399262058797046,0.24701365898642313,-0.18365579967181145,-0.3416280468238744,0.23754149399655122,-0.41565113538353904,-0.08812333316777576,-0.40230523337512447,-0.15624635948768129,0.11686569759297583,0.34406710805853824,-0.07946437639829884,-0.7107957704020686,-0.13091442901720518,0.42421515790099185,-0.25295495361337084,0.29479602682281447,-0.46402291794590467,-0.07170770080321065,-0.17460421592468667,-0.06867121634004614,0.49118752432386703,0.7038176566563665,-0.0954192307046332,0.26318517966115906,0.21406888695427972,-0.4181961063897125,0.9937541060961637,-0.24686492932513915,0.14710035737471983,0.14633274853957956,0.14124443962556033,-0.1530903290039788,-0.12570935075852951,-0.22210120404641265,0.040599385321142156,-0.028567078055989348,-0.10299306252088725,-0.2680217237637801,-0.6513129295794133,-0.11890516930563944,0.047722971539363,-0.4516136959687692,0.32432389402276285,-0.8755272956592833
0.13173151278647577,0.24761264780731174,-0.0764835025374958,-0.27281563173294954,0.21127847060341742,-0.24662563496963763,-0.31902114300349005,0.3247935482412052,-0.45018332372377756,-0.07739814186820981,-0.41243119179429744,-0.08557588242423342,0.15245856869345187,0.3988036381940099,0.00029935918385959326,-0.6576224383374767,-0.09260897135076196,0.21443194548836342,-0.20609992823761525,0.4772192472123178,-0.47543484667476177,-0.05506683748470487,-0.2035912642268004,-0.14273609750011007,0.3283844497462125,0.6953884213223178,0.09241073341253547,0.3224321717131948,0.028287577002464204,-0.29863836082894746,0.9158447349403047,-0.18831369184607794,0.13706792793048606,0.27234599959298866,0.10580835897706842,-0.10924911493157774,-0.38282330748561466,-0.18338096994836328,0.026709918119271592,-0.18710857964535443,-0.1858784205163102,-0.3196904838091644,-0.6343384705364663,-0.13243331219897625,0.43510685102857427,0.23906745299515175,-0.07107659294622581,-0.7814762282419209
-0.11400043915900748,0.2365266628803997,-0.04784722367325622,-0.21978101514953163,0.22361043259159952,-0.34105021320714557,-0.3482685359269798,0.28516186488254114,-0.4955189096285433,-0.08218443129302644,-0.42811183885169046,-0.04997822800704721,0.14272127140561808,0.42556749376432657,-0.021489066943170654,-0.5976231509820877,-0.06583838730970881,0.06367527190934341,-0.10379283438216613,0.5803386984712222,-0.5041197110826355,-0.057845248161510376,-0.23012925527385553,-0.10390368143010298,0.1641515318904101,0.6809610168624853,-0.1554319864489344,0.3293990494502217,0.016069447598984876,-0.22638836698153542,0.859267133370037,0.007980355622450253,0.12145792040858572,0.27616510389532634,0.04033381439140871,-0.11054300700320685,-0.3653267268703547,-0.18217489613064775,-0.008915490517674374,-0.013868483672447418,-0.2529315673389919,-0.42635970815896573,-0.6380161488458732,-0.05685634526508987,-0.5364230578879134,0.021428048534599897,-0.30587743042848126,-0.6646584388945729
-0.2747866348351783,0.12196269603970578,-0.041905899358105514,-0.08748585700438327,0.25857537069288217,-0.40007363548734065,-0.4152054850154735,0.15603202498533153,-0.5333099884218939,-0.10836571366808234,-0.45066738919562255,-0.03338723831793855,0.11238207870775718,0.436056746781321,-0.11197769223754772,-0.5396863288061411,-0.08005162640051522,0.0744523609473553,-0.11872053950439576,0.6387393460114039,-0.5301066846212121,-0.07034748799887247,-0.2717350270966554,0.1462875960708021,-0.08218484909803137,0.722208423745281,-0.07141385373672182,0.3359878027642136,0.11696268964233258,-0.20691506916289992,0.8556373318249328,0.07606837696212887,0.12362221779782656,0.25656125656907314,-0.002087001777086539,-0.04562625680632659,-0.35563467415709904,-0.26228535914944173,-0.03760032645212141,0.07403035115504486,-0.2524687522619774,-0.54273912790007,-0.720494057260135,-0.3285166816744183,0.1620115803904152,-0.42590896706220094,-0.22668915360429343,-0.8375037079914949
-0.29265963328093214,-0.014646065813037845,-0.039361554499242946,0.08923592141469938,0.26565628978871625,-0.37661605713805846,-0.4881123544282926,0.001368273731314762,-0.5526241897592181,-0.15446902607915147,-0.48016743867941936,-0.024568610028002813,0.07760914371684402,0.4375011878380193,-0.19343790629049562,-0.4831877754008346,-0.15253592442921826,0.15100351311010973,-0.113313550016367,0.6257799718103958,-0.5476408721690178,-0.05673897582238052,-0.25994022001915174,0.09188031404494912,-0.21690070448008714,0.7449577932940583,0.07068136669458269,0.35989179360177403,0.06934157289660559,-0.14148520250495056,0.8552911685116498,-0.1615857000656814,0.09207717832680218,0.20892471805627166,-0.016934414659073527,0.006967793891344387,-0.34192281315462314,-0.34371070758835454,-0.05984948499056253,-0.04655845848992646,-0.24527634718435065,-0.538771099529699,-0.7278528890689165,-0.1127242013147901,-0.05774917812294633,0.4570733748812821,0.20866447413210643,-0.7571284839556863
-0.1980150945004071,-0.1021063280478347,-0.027282950547916407,0.24302564513960911,0.1996161732533306,-0.27095850544121713,-0.5292888778475504,-0.08864451268703721,-0.553491008443808,-0.21699525608821002,-0.5208316435196922,-0.05904663161348256,0.021788370503156962,0.4138872193575016,-0.19717896555489423,-0.4301776964408036,-0.07663100591171967,0.14845214236828896,-0.21575170307215552,0.662215286109906,-0.542696741561229,-0.011884600076730312,-0.23565327192321317,-0.20105592869302047,-0.20315413224518386,0.7304885378537984,0.1391923439476963,0.39676755455934565,-0.16167960005471305,-0.04314233402492751,0.8076668397941031,-0.11830505746511077,0.04092150829427732,0.17516591081616095,-0.022849508800985352,0.00711415939128468,-0.3605914440018376,-0.36945432964182534,-0.0970866953180356,-0.07159749112824554,-0.2356620918297686,-0.5685243564855005,-0.6765312501181517,-0.11455388395496102,-0.1428484032686338,-0.46491467544674525,0.2485615569083761,-0.8870094705215417
-0.07851687436931565,-0.11902617902133217,-0.005042109060913735,0.315127838311585,0.05309437900477354,-0.1367155504476567,-0.5168010337797808,-0.04534920751682803,-0.5479993327446212,-0.25584258467416277,-0.552606453745566,-0.12070761184432299,-0.08931585223297955,0.3334062478195654,-0.15930248364262556,-0.37477672997021616,0.05599730925415014,0.0071727804698846764,-0.18571127485480743,0.6837832038723901,-0.5286807420121376,0.03084441567669982,-0.271526779100121,-0.27298189365070047,-0.14674508193873848,0.7242774138894965,-0.09385485398143856,0.4154268100727121,-0.29412556673352575,-0.014669915673846234,0.7806449842214627,-0.025716690499622774,-0.014779732761039166,0.10518115900563352,-0.018177155814595336,0.040259843001718254,-0.3939829328729916,-0.38717331780765063,-0.14811412801129298,-0.06163958258774627,-0.24471128169452294,-0.5010358226526174,-0.6853108683791921,-0.28865151552413826,0.34178321957281943,0.2095539459652227,-0.10274110214960475,-0.8937643885386155
-0.010886289830914442,-0.09495029143444678,0.013413588402935162,0.29328281152120406,-0.12572294620397828,-0.05707886798968287,-0.47026128282634116,0.08684283524452763,-0.5544075085557549,-0.21848378995441142,-0.5383571700039523,-0.12202345201706966,-0.2494974077988369,0.20423663241196044,-0.18276036860846157,-0.3154539716955672,0.08238279252482683,-0.03093019719328305,-0.15416263737438896,0.677637091244609,-0.5146184080792935,0.05391526802590407,-0.35940821156574,-0.0034945526256766613,-0.14904326091041187,0.7656163489045957,-0.12827448695434218,0.42699944871330886,-0.31432422774095004,-0.057596838169372444,0.7931286391566668,0.06471092850361093,-0.044659115279936046,-0.008399063835355602,-0.013273832973013988,0.10539634425010402,-0.4246516986918505,-0.3590326361599536,-0.22641717173299336,-0.17116624748570974,-0.25132031709565916,-0.4502394608698128,-0.6417425672470599,0.2511778047262412,-0.3411716446801143,0.018687090869017764,-0.27273542523970196,-0.7760019383334087
-0.011983414974355955,-0.07446813758322035,0.01527352198710985,0.21734225812063301,-0.2661279773906592,-0.08126847624114075,-0.43618602362972014,0.18678027887810322,-0.5801927710144177,-0.11366446288583454,-0.47456511800860857,-0.04668563965760664,-0.40094337142214354,0.09977867913905891,-0.1502048552300299,-0.25474494738440645,-0.0815037269215304,0.12335421864987395,-0.19022806077774812,0.629491514770574,-0.4986604158666973,0.088217439266975,-0.42623479310369927,0.17093540619274927,-0.18787164864543038,0.8021085913176447,-0.02402386472363116,0.4276492812870043,-0.11125201126767581,-0.20551597555170154,0.8309784989228284,0.2400821887056408,-0.0750534346547822,-0.10259902022119516,-0.00483402293151558,0.1381445207709655,-0.41890666465732573,-0.31397469220245056,-0.3100451316721683,-0.08910368205658437,-0.1920879760236509,-0.5567084814698742,-0.5707495516695154,-0.4814572070818538,0.07055140684036831,-0.4171646186710175,-0.2487755219832427,-0.7896777817149626
-0.03899294732216352,-0.07662265085937103,0.001963080323070354,0.1482954625416253,-0.32656714549511023,-0.1849058525568441,-0.45050177640651345,0.16267122602614004,-0.614326056390636,-0.009618248272146523,-0.39762118149141457,0.01598060093547593,-0.460066814771229,0.09803809133382857,-0.11449490104627835,-0.1839851863094878,-0.3476906044354988,0.3217706442824051,-0.10005709625221904,0.4815286518196744,-0.5034273345365858,0.1341376145636033,-0.42407673181887806,0.029342001643939408,-0.3018391850807134,0.7994150851445656,0.033047037889148756,0.43066370990003233,0.1879637396032403,-0.3824383329601013,0.8873411486078069,0.1828672071138462,-0.10948228831239692,-0.16269116038534537,0.0025429580114642025,0.1324746531771226,-0.38538041414734003,-0.29109213336394424,-0.35809758957179105,-0.10796404637492552,-0.03557795091728033,-0.6289401725987376,-0.5584785743827689,-0.19980546633434781,0.15523666669721603,0.37866495156016255,0.21294757424595367,-0.9270844346965632
-0.041070022704227105,-0.08371217117587904,-0.007657034372667293,0.121574910288339,-0.32754422700365393,-0.2872715084721368,-0.5038908740653569,0.0584101670358399,-0.6355813122949681,0.041082940424583825,-0.34120111642879536,-0.012924448693353296,-0.40462831694934376,0.2054716893557944,-0.09519524910486177,-0.1149322091823709,-0.44254613567689693,0.5088092813375256,-0.17847108776933152,0.35496046923568514,-0.5059882812692184,0.1919469821910147,-0.4114225900317535,-0.21468095380010188,-0.5010002920949016,0.7766401147728765,0.009443775311353653,0.4111545889639645,0.1586516999491765,-0.412401825929537,0.9306411250848847,-0.10820746738133868,-0.12177455000012682,-0.1696805964897432,0.010162701226537507,0.05957524597938768,-0.28762060384072496,-0.27462257659188927,-0.3460061910856931,-0.0411738201699291,0.1597029755261412,-0.6359088007146592,-0.4973901962767623,-0.14435403354991228,-0.4588693656154378,-0.2189732836120929,0.27022555111849367,-0.9704716407079264
-0.014628208225477501,-0.07210591371780162,0.002166957706387418,0.1259526219951539,-0.3218987906441064,-0.3260517567983596,-0.5582502186354021,-0.004317566568616704,-0.6324629655568631,0.044283050834130755,-0.3072232336952264,-0.1226732694381446,-0.2706780882369588,0.37128992395454885,-0.0633332507851857,-0.0563265352835961,-0.3840612716168338,0.5560859273034842,-0.194940346471157,0.1862031282326242,-0.49840181035644016,0.25560273763528096,-0.4423229072210524,-0.3423381474136048,-0.6536887357529334,0.7526564731112575,-0.07084306600221668,0.40198907051011123,-0.07413490699239866,-0.35143195141137773,0.9080659440942958,-0.006597312451927073,-0.1314885909882706,-0.06819290411562173,0.008788891797391507,0.025918510383560633,-0.27659281421911863,-0.25399577991324884,-0.25858781699901057,-0.07952769164021511,0.5102309702061507,-0.5705483546416967,-0.29262978864524647,0.02167604877382323,0.38214235596146606,-0.06971459066601149,-0.3213950177846615,-0.92452317847944
0.0023090140669126402,-0.04518793355478212,0.02531591508238762,0.1283383390785342,-0.34030183792479285,-0.3053505151021084,-0.5908747863831538,0.03160325339112191,-0.6129858545519582,0.044007037230958224,-0.2719597440921855,-0.2194717889417812,-0.10822238078113111,0.531233928992001,-0.09565702422359701,-0.013564175407140833,-0.22323951128323183,0.5491370327691341,-0.21673098218931652,0.0032873272439370993,-0.4801329100747962,0.3128329702064492,-0.5139819466893811,-0.3078100216440143,-0.6817829321973788,0.7334463009439598,-0.08212153313214876,0.41084648082424535,-0.2680407752663305,-0.28979009743966433,0.8732983750547403,-0.02140533932477362,-0.1309777364905964,0.022291504241381377,0.015215794708561603,0.04009772957100077,-0.22967204092605908,-0.19044350042015668,-0.16810401471320302,-0.19429694351702953,0.27987429851042944,-0.5616981479875269,-0.5227663761372463,-0.46776350291859703,-0.5904861124605153,0.32749470045350004,-0.13024480550813855,-0.8459937980445521
-0.014912386078717033,-0.02799705350628401,0.04114639200930004,0.11247180634228715,-0.371743140682834,-0.27257561231896577,-0.6133187791932423,0.10439325507006236,-0.5951556631951973,0.07380818461696093,-0.2143213630106956,-0.19824579046084567,0.015809472109187928,0.620039517935965,-0.140978660947935,0.013602867968141474,-0.003541988122616635,0.4768380359529911,-0.2136314984814599,-0.15380010288224255,-0.46004158939804374,0.36835126539611207,-0.5810723784558658,-0.3310044603735277,-0.48545217536643426,0.6890014363520993,0.026035054813930092,0.4683214552474386,-0.5302723574829405,-0.18742659257703354,0.791656604664174,-0.14140164298532332,-0.13916362722233666,0.11222309224652327,0.025515421542686934,0.08026139059053938,-0.2082198058432927,-0.1463724269779263,-0.11000421883919431,-0.05563829516463359,0.06879144540263549,-0.4100447509193974,-0.5742527240179054,0.26741082388005766,0.5092998805426265,-0.5139593565373279,0.36134147437779096,-0.8440412354345845
-0.052468931310677314,-0.039800712355510415,0.03503996119270303,0.08792226093113609,-0.3893394452042447,-0.26196113578674607,-0.6510025328076993,0.11232550783228445,-0.5882584917640301,0.09676312752826544,-0.15913888150852828,-0.11092866398199308,0.06268558124106383,0.6117268535074436,-0.12375400035281858,0.033411054090906944,0.20413946021466578,0.37643793001083736,-0.2188889441132038,-0.23572548494542667,-0.44363475468466196,0.4085162182921205,-0.6620077028430937,-0.20840929070858905,-0.18514482856207104,0.6435819555096938,-0.14908599339512374,0.5016359713415004,-0.6040945792364761,-0.10283651475792377,0.697786310217408,0.0629145205881072,-0.18687504463489601,0.30828777675872,0.02897814719072045,0.14304849361645577,-0.08899982022012032,-0.17679496697116404,-0.0158605461659741,-0.01805147897876236,0.22707961101634067,-0.31071227346685293,-0.40678143518568477,-0.5272289663001503,-0.3717380995638392,0.5602665438767147,-0.19961310164744572,-0.8912782308834141
-0.074797337257823,-0.07344036609864413,0.014325313987455068,0.06948265894258299,-0.39089499567838415,-0.26396988538445076,-0.7037069231751127,0.05157204170252205,-0.5866250123100298,0.06762740878797624,-0.1395550898324568,-0.08162018606803811,0.04951828100344935,0.531306837673466,-0.07230744894050967,0.056150907300131614,0.2824048207808503,0.3087155103570982,-0.18496822961253923,-0.2658453633190485,-0.4380521116490136,0.4211170598059908,-0.7269604766060302,0.015540298640399408,0.07797744833913534,0.6244243382696504,-0.022521618864148607,0.5636270126213065,-0.33245814359777104,-0.08329751664197038,0.6439323460622604,0.19467381827968522,-0.2322676487990526,0.4853655924243183,0.023219090163123512,0.3256315118390325,-0.18034496949479428,-0.22293438852319403,0.10728999249037541,0.02352254431992673,0.4652348275253364,-0.2285975306525102,-0.32703736882373036,0.1261688010501072,-0.05291278826136403,-0.5492776424002991,-0.6004859506724337,-0.8715569532671529
-0.060931945726655945,-0.10385133851114059,-0.0037543151815020437,0.05718839327227765,-0.3959134134217007,-0.2571753391108399,-0.7483867648169392,-0.00379947775916345,-0.5829749710845991,0.007725499524438684,-0.14452206586105187,-0.11856403994398712,0.02474920473903408,0.42499703220853036,-0.09866084196975355,0.08304911706802587,0.22938125542204646,0.32167111048560293,-0.14255147735078222,-0.26500813654369704,-0.4459387259968859,0.4066160996413961,-0.7180793054048737,0.06255439560978382,0.23359454618433428,0.5988067037460725,-0.013367244327209815,0.6012144103760133,0.06600209443833882,-0.05536599407732201,0.6472377012405202,0.08905594601361355,-0.2852690317921577,0.40283911132249695,-0.020943499863053328,0.5721545384086621,-0.5129686373807143,-0.4650289360459874,0.2646518858825173,0.5897742221117852,0.5376893539784637,-0.1238474738617813,-0.18211791546253453,-0.36976447740778196,0.12779711431354546,0.42536357586543616,0.27134689915739973,-0.7787766325686257
-0.019853283166553437,-0.1107058720718691,-0.011104743093381164,0.04006835915892881,-0.4148136953760061,-0.24374857803693972,-0.7711961434657941,-0.015390236332125995,-0.5786665278363397,-0.029847157881689457,-0.13891329682789788,-0.13364937583895264,0.01045089964242174,0.32081355986936977,-0.16566895600763532,0.10650780625998757,0.1702481460719487,0.3607150454879289,-0.17028803469087905,-0.21205054338293083,-0.457040210961396,0.3703876978161087,-0.6626390084909846,0.03195482726086074,0.27167823022256044,0.5832973938550599,0.0038548235738358194,0.6280317660657686,0.23149210660927944,0.0683149984353082,0.6656946909750705,-0.13305032285638962,-0.37061528316348924,0.2660420807573898,-0.038705782668401634,0.561430551756962,-0.22436113211539432,-0.8260085009329909,0.46677032831880894,0.3292622983000839,0.5346206132165257,-0.29197504376624617,-0.26155328977252246,-0.20770557605594386,-0.7725530508746616,-0.11632769382395647,0.2011036054794797,-0.9814182442470056
0.009518080408878804,-0.09757750222546946,-0.007813118613146375,0.009552908946820704,-0.44087147109219826,-0.24140245094825852,-0.7716834904838035,0.026440192347716218,-0.5765255659171227,-0.04935512762184413,-0.12723496242717902,-0.1634423805416404,-0.0033949307064380374,0.23405681319661076,-0.07851422545492937,0.1206311786037162,0.16170812748952645,0.3619011800269887,-0.32068273548143156,-0.08660368801539853,-0.4490616343526631,0.3339672190779608,-0.6013326145566129,-0.03299862453091573,0.2912931490256616,0.5650563856348483,0.05300797676986546,0.6542108840279874,0.1910622010510754,0.24741033900336107,0.654788314618749,-0.15924266404625143,-0.49485728727438794,0.2739363881400183,-0.014419142915439664,0.5847876560010805,-0.21556091481460182,-0.9158163321677689,0.6153012939020321,-0.11871222438451168,0.5442235489515799,-0.29921333087229973,-0.214777556533989,-0.021684559770447143,0.8339433032345496,-0.36779277815652955,-0.34641917816248446,-0.7279388587034391
-0.003295051276371641,-0.08841905419648077,0.002691749041845659,-0.0266254244267925,-0.4543207516622477,-0.2683473492525781,-0.7572397795050875,0.12181893829465262,-0.5783416043882925,-0.04976512089330776,-0.10911261220374435,-0.23719123230222672,-0.0047534797715629296,0.17650863976691422,-0.007858566209081874,0.1407740245025373,0.10407424635986562,0.24358338300513593,-0.20089695946655728,-0.03150521121627736,-0.4585409169119453,0.27234308775772176,-0.5134361092424362,-0.1287438250086057,0.35043175614092714,0.5249640064867451,0.02404024955086337,0.7041446848803488,0.14412326950762844,0.38265296098887247,0.6207757285012196,-0.11424878644085101,-0.5769124160001411,0.08446984830270976,-0.02427013348658069,0.6937962631333945,-0.5575418326529514,-0.7174081175503496,0.6626947896236721,-0.4705094661137197,0.6745449781429029,-0.11146423569954955,-0.016373551690967436,0.016061236521412114,-0.46487587637218886,0.8864556191618262,0.2011391405707652,-0.9157919825170548
-0.028788835181160044,-0.09428502583180454,0.01112361066373424,-0.039029964345885015,-0.4231945257857064,-0.3337408980274926,-0.7583519435876012,0.17121348323476226,-0.5887709362359741,0.02071365727897634,-0.04058740068986466,-0.17824368780437483,-0.007650638648485364,0.11004286730695578,-0.21528296862998253,0.17000339603308245,0.06600887495901309,0.17127032632788364,-0.036456309470915826,0.0073333292094277525,-0.5047617685265432,0.16664879406016153,-0.3889757019143525,-0.12087036908932336,0.37771479670951624,0.497622385903705,-0.11808165671659032,0.7335942753799489,0.14543731142979488,0.42257356155307946,0.6096778860295204,-0.02385267720521811,-0.5973971053484173,-0.17028760057988912,-0.055881457986783456,0.6444520385610839,-0.34455975600223243,-0.4145329631666863,0.7423179739727508,-0.5219623599005156,1.0,0.07215821458349136,0.22539442623212702,-0.3233538914702375,-0.52818484527412,-1.0,-0.19846002192486156,-0.8957801920428331
-0.028187693802199987,-0.0987775371210915,0.020552933005223428,-0.0072932868558157615,-0.34111515148814286,-0.4081034665744344,-0.7932471021917059,0.10949797574067288,-0.5992118437472984,0.09357790013613076,0.03712442873313604,-0.07073043485870856,-0.0629518352527294,0.020400112200016807,-0.15074297174046225,0.18431331294668718,0.15709663927060902,0.20847092039560033,-0.38413912348449364,0.235955644362569,-0.5080017183558516,0.09564266477241024,-0.31733713948832587,0.007183059569571215,0.3372830147486563,0.5095161084434334,0.00613224502395826,0.7342481582367884,0.17823765366059008,0.3579324389987333,0.6379713841845907,0.012653798070062061,-0.5506580480234438,-0.2785285506336068,-0.031208067035018328,0.5993865146347102,-0.24783675476270128,-0.17740208251805079,0.8312512303753585,-0.16666781477876258,0.4632897288907003,0.08938442073946296,0.11330760931996697,-0.26269884467086924,0.7862686267291281,0.5601691582733279,-0.41904241989247826,-0.9742384264716896
-0.0014474200019097827,-0.07861988890831739,0.04517763026389643,0.057370111818181746,-0.24348929749212844,-0.4394113387965892,-0.8375149480490738,0.026342169140805005,-0.592105016453353,0.080276694239787,0.05904292586106319,-0.16212610743415368,-0.1133481910303551,-0.037725477998983736,0.03720393063056271,0.21798035711363184,0.012695324762703741,0.08118573139773066,-0.14632096742263578,0.26281589757784873,-0.5274172482087283,0.03713965152226373,-0.23491372151929957,-0.0017724948706483445,0.31315116644897234,0.5038122953999793,-0.030043756995276172,0.764201187667547,0.21236943209020254,0.2668150663083355,0.6475463855217853,-0.07133915120987411,-0.5120214057851267,-0.31826205410837394,-0.0013394273173095161,0.5829577603217055,-0.27606553350266516,-0.10572011312550089,0.8815911498106979,-0.036234294735252415,0.1148537355142849,0.20738346291149679,0.030761554502858335,0.007658049561000579,-0.7952645339266667,0.08249184297191658,0.5513034440874338,-0.9805704210084668
0.028553797160574712,-0.024833682573050186,0.08949894616144705,0.12318572807224948,-0.17272096504980516,-0.4064829282884359,-0.8549346647629633,0.0431498062418636,-0.5661029235823047,0.07015949250532305,0.08300284290367754,-0.30240905361653836,-0.09553416540058512,-0.042227805123079,-0.14073125040656442,0.26009922010056497,-0.09847844883080614,0.13585141502319242,-0.11720806259136607,0.312238288774767,-0.5612290155957007,-0.04567580741147237,-0.1394898565863395,0.03455986948394796,0.2157734222524037,0.5027709984043387,-0.06606440405069958,0.7491507933203789,0.09512211709270679,0.2205271621993412,0.6561057109032058,-0.12070290110165594,-0.45432801175252646,-0.38740156693355576,-0.004370077388824001,0.571131155497427,-0.3298707974789429,-0.07237887735885518,0.9027855571185981,-0.05573989034707483,0.11722861677677354,0.30606987711607037,0.01992766029655635,-0.2168626665990745,0.10626234845138072,-0.5384791605469701,0.062142447383165544,-0.9770921718247192
0.027123797475061995,0.04191603337425076,0.13377882779107453,0.1620344171520165,-0.1308285280213204,-0.34227114010348003,-0.8501948772104642,0.13008185913171477,-0.5373881511543723,0.14581819503576354,0.16795820887526447,-0.2593566153230008,-0.05722800389751048,-0.015972367573999224,-0.19213096901389226,0.2825065184415041,-0.1320850253913689,0.2158828688529073,-0.3147075270629389,0.4327336674423563,-0.569064289272603,-0.09103297159667889,-0.08398021055479798,0.05281761215265712,0.1567787655995163,0.5002320412274381,-0.009936409059240647,0.7320385412232635,-0.009229074886738742,0.12076479875440382,0.6445125987485416,-0.03162782113878959,-0.3959278191080916,-0.4771656355111926,0.014986343382267231,0.5453982453191519,-0.38399021783335363,-0.040765149570740844,0.9059051286559441,-0.014034789591916952,0.046905133496663254,0.4273733086614415,-0.017945795270305376,-0.16787086211134794,0.38628681851843494,0.3647424016933791,-0.7361786651014355,-0.9972897324258
-0.024332211492680167,0.08082487127401516,0.14793397172228318,0.17011957269981548,-0.08661002999517331,-0.2862347689333328,-0.8613774272217601,0.15357365098547215,-0.5160855964737988,0.216360788746764,0.2548602168738525,-0.18152591080607405,-0.014565214166575524,0.036946856205809064,-0.0763438861992981,0.3098897500491884,-0.21737931392173893,0.14761182581844778,-0.22961024962534027,0.4743553503978377,-0.5858859875064757,-0.10677881640876907,-0.040848590224935144,-0.031044900617396065,0.10684294943551853,0.47511481160456914,-0.001160786425667526,0.744722288409799,0.06757166992027908,-0.06769858139371798,0.6139712071989551,0.10795853921355003,-0.3734065716406252,-0.4565827321139375,0.060996839488556276,0.4444059898136854,-0.21876325680817965,-0.03666264050762169,0.928639206333604,-0.01843490127927261,0.09840189539172761,0.2818499169017774,-0.0002289203003507101,0.09071741721147841,-0.7876269757840001,0.1817819991569949,0.6396285370970531,-0.8951904707039522
-0.0849554022903668,0.07727652584877531,0.12615538050816721,0.16027939659697865,-0.038945460683282085,-0.22400418500620134,-0.8963262905854387,0.08805784251863669,-0.4979712011672953,0.23522348801786097,0.31285326769141486,-0.14828007025012635,0.04710049264101612,0.10560637232376013,-0.11228595946538167,0.35204683117328983,-0.28775359643108256,0.12047079307886444,-0.11363040677781444,0.47486265737914235,-0.6244319621511674,-0.12900107422672413,-0.00549442298029057,-0.020809689347556004,-0.1210976800541449,0.4656379007214506,-0.12058634737249596,0.7162437614695205,0.29502026658594493,-0.2617602975096083,0.6230233751098904,0.20957508971792072,-0.3788153970023601,-0.2889480858329483,0.0900984692672393,0.43709573203919994,-0.18121348014191807,-0.05494996192323043,0.9711929331994469,0.04079326251577298,-0.017477906531883414,0.25136771831562377,-0.21180791832797752,-0.8413531021424464,0.29749697722394997,-0.8502816047747057,-0.018057684096310478,-0.679776965176204
-0.10681851325804215,0.049718885240691124,0.07826218933597273,0.13091202984663508,-0.01192467119906404,-0.13112241237049815,-0.9374208478929056,-0.01964075269254395,-0.478574753065905,0.2198062601110815,0.35218802720387066,-0.10249557417130317,0.09344907807236846,0.14833026153272044,-0.17891507322676148,0.39165657768199136,-0.24948657748122638,0.14609677429077084,-0.16688374598633293,0.49027576344801105,-0.6511262738618606,-0.12739266387103332,0.02107610525644521,-0.07713318059891383,-0.3940791568748705,0.4680381706173635,0.05985960846912053,0.7023400231485104,0.27419576585286576,-0.3051498613978638,0.6405755069293331,-0.10509357827691135,-0.3810563664033979,-0.13841749124962632,0.11125924068284543,0.42931737932111136,-0.17066975349953817,-0.11724570015130786,0.9990764832670855,0.09938035120882605,-0.1607330254019924,0.24713014922702192,-0.3857949021711238,0.09004745385500246,0.16276511841053964,1.0,-0.42567821702142017,-0.9438717300752152
-0.09041747232583142,0.01978505201491676,0.014989019944964044,0.062260116039766444,-0.023129169547506545,-0.015164299578420248,-0.9635146187075342,-0.10887627160443347,-0.4580427636540202,0.15559087201802635,0.35687498763650494,-0.1038000020752895,0.08186761815827048,0.12799304931459887,-0.12583131560867922,0.42520149404733454,-0.10794087759588533,0.08010367005336949,-0.214441131420125,0.4919782840905109,-0.6532980895608073,-0.08908782678242277,0.026040378699103695,-0.2812353193528696,-0.5120995298996776,0.43758445954297853,0.0521668731846483,0.6918960480445979,-0.04619650629028871,-0.20965734763102073,0.5916600472190772,-0.14583974578699332,-0.4157159765305324,-0.023625020950851394,0.1036875346865016,0.41485279873874226,-0.3149742652585307,-0.19682641338956386,1.0,0.0862344028037354,-0.22033071600344944,0.20170754213576902,-0.36811304202411355,-0.04519254356018498,-0.7228971766506636,-0.7024564747391109,0.13393101645543504,-0.8395957958244014
-0.07771633354420138,-0.012727983730172032,-0.05075844229446136,-0.06171009441931907,-0.07389191113987581,0.08876445007232525,-0.9499988415592554,-0.08095742427391572,-0.4398795569388513,0.054123011748220984,0.3265137820612325,-0.21655221299839278,0.018080438724546122,0.05055592471277803,-0.027339417426243795,0.4518866275962017,0.05517013044185082,-0.015488775926564946,-0.2587009364857893,0.4742778159497869,-0.6318909749436263,-0.0506562859949109,-0.04937043178493994,-0.21476131008264499,-0.56662063520008,0.41893585636425756,-0.07178916322595597,0.662838893261867,-0.21600105264561742,-0.1708197284716082,0.5406330266965187,0.1298727263457331,-0.4535425847761304,0.03727756935414939,0.08817846667798968,0.35775805880986766,-0.292122430740672,-0.2463872444038414,0.9638260469154765,-0.0042188171615028525,-0.20957268896900527,0.11690810384535433,-0.3268919559210254,-0.4052794473163239,0.8453041741321892,-0.0191500789622151,-0.0309139042255947,-0.444180128248581
-0.10814044080063745,-0.0745863631542858,-0.1132525077104839,-0.22695174592723122,-0.13011384138721072,0.12247471583022684,-0.8963612883284379,0.09571855892082981,-0.43466065970446144,-0.005978203178684471,0.31356179092851333,-0.32791998907915676,-0.052521666981230064,-0.04310045470155721,-0.00735906371478634,0.4680655633509845,0.06970739345158705,-0.012100897954322676,-0.2340173459359569,0.372073828478358,-0.6037580582239825,-0.027607934935656275,-0.15101447364116372,-0.018878674937263917,-0.599033123570694,0.40960490506412284,-0.000532516908707592,0.6464062392126402,-0.16069516093267266,-0.21131101809400143,0.5225959969503127,0.15183941127527878,-0.5027593465176101,0.056668787458256986,0.09309979561946369,0.3500152319606087,-0.2905436673485523,-0.3837057917654101,0.934697247696783,0.36093710043105065,-0.20170544286642822,0.05633938586425802,-0.18749213947038446,0.13033169658010801,-0.6632714190636606,0.5136758322058044,-0.16528856939363612,-0.3411022136882148
-0.16420459473418925,-0.18813725388368552,-0.176430979112288,-0.3755490571589829,-0.12077345306048703,0.035543368570817524,-0.8500598288148198,0.27533858839155,-0.4530848715788006,0.022613204314802404,0.36099182448203204,-0.27724480417186526,-0.1063433050403203,-0.13428952046027975,-0.09266913638602714,0.4717313196944686,0.035542025932864485,0.057306486121879496,-0.18460813162582945,0.2220260378959249,-0.5865464136399772,-0.004143343116220444,-0.18001524918779122,-0.17960299223875098,-0.516385259404311,0.34797039887382364,0.19409581830787115,0.6689829944250936,-0.15725376156885906,-0.21525014766164896,0.4727511860877822,0.032003245171527084,-0.5996531404734562,0.10328953110423766,0.10761802388167818,0.288955595825249,-0.20259537519502735,-0.5335969158141459,0.9267098830031699,0.0009497136720457711,-0.11479347543037799,-0.1786508650204095,-0.025678089476658505,0.11087585900469188,0.2653274147069016,-0.8431457042692083,0.08494228316845964,-0.2849363944824692
-0.1573956700229876,-0.3189263453643921,-0.23328737354516138,-0.43120570872723396,0.0037747990946144228,-0.14871491004254955,-0.8680317379878603,0.2476442611641101,-0.48802507531863437,0.07605266475346517,0.4396041961798083,-0.07149361998608272,-0.17366405485866532,-0.25910980139510575,-0.2009460353880247,0.4711690412618492,0.09323114470571259,0.06555256093621065,-0.09427122306862501,0.08154182885947514,-0.5883540361524002,0.014497826321167695,-0.17966402811130944,-0.38322464981976645,-0.3546234828216739,0.2721868225524833,-0.0665384842194372,0.6585508977514851,-0.31469661839292096,-0.12033673272915979,0.4159473918697414,-0.1316404981737186,-0.7414192358875356,0.1836096663995337,0.11037200361547828,0.2934070874768977,-0.22426370365443227,-0.5498614195793406,0.9200242762049746,-0.07796676253455825,-0.11831805131328033,-0.1597630480791118,0.061210434475169384,-0.613073835940322,-0.1770925346097958,0.7775172589817114,0.04218215567235717,-0.8185393448282879
-0.02495118935880869,-0.3766061912483405,-0.24843335495126795,-0.36929218662357943,0.1955761067470585,-0.3131887022999257,-0.9351752458764785,0.03454950289803005,-0.5077182103249944,0.013606721677278832,0.4546868241646316,0.010470604300795827,-0.23421858346712543,-0.3868226560401753,-0.11338079486408159,0.46662742644548993,0.0934880794437023,0.1999145968917384,-0.2515177775321171,0.03408234245162278,-0.565553113362929,0.023009624423569353,-0.290612719859344,0.13864634794401032,-0.2919180611006419,0.3127787550184393,-0.4070658912164843,0.551187124153272,-0.535667779417287,0.03390274944190419,0.4153146812865298,-0.10863889854396835,-0.832835806143971,0.17029140379160612,0.0977056667148486,0.4072289881135025,-0.35946975285306026,-0.5709201472474754,0.9021554867753161,0.10568461937453577,-0.1546256412217597,0.11439294944140221,-0.013335866967738252,0.36170140728732036,0.11661145849088439,-0.7838145078828516,-0.01932229278527775,-0.9860407583610884
0.1781915335978843,-0.28917673933043697,-0.1857689004403189,-0.247711490149497,0.33886531008536824,-0.3546412711399122,-0.9627130684641643,-0.08295728493525789,-0.48868547301538123,-0.17453978854636432,0.38471871867370466,-0.18351686514646948,-0.20300455047397414,-0.4409072089886813,0.00973843040494482,0.46696229128526734,-0.13056611981401156,0.34277124596275144,-0.2032345748699742,-0.07796466619563269,-0.5370153240577668,0.048756300169537026,-0.3059257055576372,0.1383683119564061,-0.05671791998455389,0.3173938260072078,0.3453966472713579,0.5923417734161216,-0.3218399170020787,-0.04901050444310173,0.3641403099161933,0.44980939256242514,-0.8989955485189536,0.0819896464288794,0.08705993197081252,0.40227512171471935,-0.4280330827160729,-0.6265674722608425,0.8317334002105103,0.10720934449982811,-0.17336563341325517,-0.21675517420126522,0.0957637798931339,-0.44882595048613116,0.1533253108033248,0.5167754437543199,-0.02468712845175569,-0.9734360576258934
0.3154164157621471,-0.07647724621479701,-0.06000364397665536,-0.14960324985414264,0.3718934885770657,-0.2973712244851826,-0.8971984189807126,0.05923239222041454,-0.45005798039654044,-0.3130643532174149,0.33823140539502283,-0.35954233454785833,-0.05111488817117438,-0.41180455979341923,-0.14141878958540655,0.4576693275748658,-0.2384417126338445,0.42345163121628726,-0.17099780087306138,-0.1497379464740124,-0.5188100861828514,0.06096683206473763,-0.23075418413963966,-0.32345122012728134,0.09269302275605318,0.23075805453148357,-0.10988059483529267,0.4975144268378653,0.14827717536621288,-0.21823269243330845,0.4407072507552918,0.006747061780532304,-1.0,-0.15113442316599157,0.07921054730941424,0.400799552130783,-0.4687674685197828,-0.5620792892229152,0.7251184473311667,-0.3563491953958797,-0.1402304003589474,-0.07916037016016386,0.01882882254325824,0.043557506431432635,-0.6153078802388725,-0.3168145917575754,-0.5475065391643801,-0.952728617314922
0.27608460834768933,0.15129490528505607,0.0674330554254583,-0.10501216404106495,0.3387097714120133,-0.25130465652996903,-0.7811532508242971,0.31539780713507914,-0.43174326441880473,-0.31707728360561294,0.37396181668783846,-0.2763814583456682,0.11834285390355226,-0.3618819743019621,-0.16153811871535317,0.414889183426133,-0.09358487301332596,0.39991134784006,-0.3867421103718791,-0.0998128230871066,-0.47381228783929064,0.060336568208968266,-0.2747183691859618,-0.192843013339406,-0.07861468953694184,0.24717706256583383,-0.1308744707198306,0.4071945233837271,0.1087222755872852,-0.1991840309139452,0.49172477745858445,-0.09818384539192804,-0.9971300062058442,-0.2339387470598855,0.06692205888381975,0.31748037138214347,-0.2492734542092777,-0.3342235044553894,0.6283890224490063,-0.2530794172250642,-0.10087971290460429,-0.09497133804693092,-0.08358548166120794,-0.8067753374365638,0.3000489375317268,-0.24837886155423483,-0.06859498519523355,-0.9342029878555744
0.06765702169016774,0.27165546461132073,0.1411291875717664,-0.07162714654419122,0.3212439063687278,-0.2810906151624142,-0.6949074809835243,0.43777558476164513,-0.4502467924993758,-0.3061796962128134,0.41545882646264,-0.11411692913792326,0.24320792704160388,-0.3254502668523128,0.011233012379789908,0.3687686263949703,-0.07246766110181024,0.28939261468270594,-0.25877363609908755,-0.20151637751192453,-0.4366577678590915,0.06939966115994722,-0.30424181091870506,-0.1322707153452849,-0.15258890948140302,0.252129364823628,-0.004893159926511181,0.3778638333269526,-0.004780795081036349,-0.17135309202258409,0.4863928217867246,-0.07246651404336657,-0.9818851432157105,-0.19982473671619716,0.05202325884184211,0.32054190170594365,-0.2931317241672905,-0.23577818557685903,0.5887442158275817,0.080804862321604,-0.1273475855725269,-0.10849463687430927,-0.012382282081559781,0.34397616966336386,-0.055877541070162295,0.5469441974031286,0.7799407382141605,-0.9143532521728682
-0.17880893539201836,0.24139756666530388,0.15430852773464698,0.011130152279761107,0.3378953285821362,-0.33984041516580243,-0.6638043718666584,0.3598380081822752,-0.4900065712775873,-0.3703996028237476,0.40532150080363394,-0.03247956480783165,0.38127535111696553,-0.26726021857957494,0.0037563667814153323,0.33466674843183286,-0.1290364398448527,0.3230492400373608,-0.11557848508287083,-0.3649932093353362,-0.4311023071475769,0.04652574914307128,-0.2904975334090443,-0.007057597013599093,-0.20100292732297675,0.2477917550126767,-0.18316230886899876,0.2965252279730446,-0.13193680348812187,-0.11401135989276723,0.4861605828746127,-0.13848319278515497,-0.9624607094266457,-0.19893090035519623,0.007153455103966255,0.3371405521667279,-0.2720472129507542,-0.2547051815031083,0.5818345268609588,0.04469028215474413,-0.19214045623144693,-0.102120397186239,0.0006083215386689655,-0.24175864037975547,-0.37119661763317424,-0.7496021656732927,-0.32986948339877054,-0.7100298279630286
-0.3125441459988946,0.11462896302181602,0.12873574237910534,0.15634250593815113,0.33739383477334317,-0.33684790762288763,-0.6606274157323271,0.14252581028520206,-0.5309560742784155,-0.482355907181814,0.36306018585822364,0.06172926080897856,0.5460963163426242,-0.19412605773253133,-0.1752551721765332,0.3034331956139291,-0.21824766812925278,0.46870844805537115,-0.0425100153638408,-0.5070241679634024,-0.4506541821090183,0.0030923936945304042,-0.23172523445104254,0.14558748383076647,-0.11454665501536954,0.24886577797880505,-0.10412430506957204,0.23716980568028534,-0.4632979229829317,0.021188026250468672,0.4459927985704011,-0.3400888145256993,-0.9368250104562619,-0.19176016763929438,-0.03467894203011623,0.3716993525734089,-0.20935964986172784,-0.25221043580572855,0.5871250356288622,-0.020952563955457193,-0.20203346549761558,0.14044881796777986,0.049412465258517724,0.28479094138402794,0.8610578045760555,0.3458781533919577,-0.6166698944398198,-0.9467049221376134
-0.2774198711919099,-0.012074238153149341,0.08518692328133426,0.30954811749648314,0.2518756206095669,-0.22643322093315055,-0.6424991479669132,-0.12940266893816332,-0.5639167297871546,-0.641883642018729,0.2818199832410284,0.1514904414099436,0.6706206021163859,-0.16524289621116606,-0.2644442519271427,0.2673114056996677,-0.16930427097540335,0.5310091218896369,-0.1589480065645562,-0.4654236806352001,-0.4647022560239019,-0.010635329891976353,-0.11582847682734843,-0.09558695887088575,0.21749458128919552,0.18847053723774976,0.11374403829087698,0.2248034126460574,-0.5834897092485067,0.035126863488249116,0.3318652230508492,0.06812026850905561,-0.9280612963916213,-0.12313039444672313,-0.07852728666205411,0.39969444233488916,-0.2862431453284566,-0.1514630073768265,0.5642346089552972,-0.2504529994041058,-0.16804511225775332,0.19229113342189152,0.1816692969362541,0.00849161643082419,-0.6052536111649418,0.09061381889759623,0.6016373917572728,-0.9156184653134564
-0.14698234602492422,-0.07440688713168475,0.04411314478590511,0.3807443566561344,0.028998446557991775,-0.030591174071965876,-0.5488111276300311,-0.26777454106279486,-0.5890190706831318,-0.8547623942565041,0.13968448241027387,0.06262894107209838,0.6885637565594902,-0.22040304291440993,-0.10716963100686927,0.22836831440163152,0.03612904151517138,0.3272190559739476,-0.30783394631245853,-0.23266745687674095,-0.45436031932274845,-0.0067009100370371,-0.06002523993755282,-0.308588494770059,0.4730737701549659,0.10840855694130136,-0.04612531265539943,0.18511410090305902,-0.27433612425830634,-0.12584314757272907,0.2934946981577833,0.10167232775694468,-0.8917692405903355,-0.1735197010950167,-0.10177833601386566,0.40509726216416087,-0.3538883016955754,-0.06283720105183299,0.5075557653265188,0.012708684677914528,-0.19595690517230435,0.22469341153626288,0.18042929655760087,-0.5698888946752725,-0.10525693581571138,-0.563655163385899,-0.012947709716132905,-0.8698277100650057
-0.05549186315196486,-0.08927960211117969,0.008321303570252736,0.31056586640815964,-0.3121624684394837,0.14681974847508283,-0.3489702612532132,-0.12655942081495475,-0.6246732009624658,-1.0,0.006873269582276187,-0.13593737602573286,0.6170196178298288,-0.3414556735417661,-0.04720456097870407,0.19685753387576987,0.0829026405876736,0.060769311128601844,-0.18349793942198112,-0.03461051073931121,-0.4527164501582833,-0.05066730834433064,-0.09871726759154409,-0.008806747922033953,0.4186710946615382,0.09363021932218585,-0.24710865841246998,0.12251709067687688,-0.11067637149125453,-0.19761249677150583,0.29697146214745507,-0.15823946524793087,-0.8206733457100436,-0.2503421029840637,-0.14278134067568138,0.39901436545603963,-0.3254972446597998,-0.11367685799651561,0.48557008076819885,0.1891125447699522,-0.211031913618834,0.4816929042288134,0.27437352478629573,0.409678415721791,0.7697660680888379,0.2989770674097916,-0.6813364664201838,-0.5054218197290641
-0.06240244513526627,-0.12337137785617769,-0.04641898774263531,0.13163191953162023,-0.6478923777866163,0.16384352852507056,-0.10832879809933771,0.13076959313140257,-0.7011419424670976,-0.9176644487024513,0.0048969380525552,-0.0943410620824141,0.48647308215875884,-0.49770309076602093,-0.24669836581505744,0.16481007040269824,-0.059713601319544174,0.0327416393818718,-0.09693008476789733,0.13239293096102367,-0.4737540536575776,-0.12046189309565847,-0.0944470916309138,0.18317087662742115,0.3671824584156802,0.07082661708055582,0.03348210443478061,0.1110691280130478,-0.25427186575548455,-0.1580531244265737,0.22702064672243139,-0.24730589180174622,-0.7683607094113054,-0.261734413079622,-0.20555672990487417,0.3410703049724404,-0.29402878454368553,-0.16134216166350834,0.48479965378832857,-0.01037540286972538,-0.14736114871936645,0.4583692806465818,0.34090939836802825,-0.14143023584633285,-0.7243233855322022,0.10895400969440905,0.6132094381259476,-0.4374260007426851
-0.11167972217725963,-0.21246017851484078,-0.12994109529902975,-0.046391893749883506,-0.8332245253839207,-0.029949134248013043,0.06319115515451346,0.1936034249925067,-0.8182294048571455,-0.6908904341018958,0.10008837442656704,0.13730216582908628,0.2839232466055941,-0.6610470073911721,-0.20016478291918527,0.12280597049128228,-0.1186035052813571,0.04196417993439594,-0.28533326082860777,0.42196429154263004,-0.4851160193252704,-0.1402589633588166,-0.03655386671125804,-0.15587645082113344,0.4544606600758818,-0.042732016553270746,0.21106518674627872,0.11866391163169743,-0.2263107139125513,-0.2224347910401645,0.09483320453356026,0.06745159675125101,-0.7664235879423793,-0.21303509599150905,-0.25395870817810895,0.18371605866521268,-0.32047339283252063,-0.15791291011783937,0.46566583194245914,0.017451782949211347,-0.152317396094939,0.15961528990299856,0.318660382776474,-0.530201700717071,0.13310596894882498,-0.5914416198000271,0.005805011602067811,-0.7466739736249898
-0.09423230779916436,-0.30928370061045307,-0.20257880611426138,-0.11984039496867083,-0.8275400738612787,-0.32706527078741676,0.1302965882525735,0.0010500560445680929,-0.9318101823064233,-0.5234474536128134,0.16491422462456296,0.16204199174614908,0.051248811379005055,-0.8011212927965177,-0.025108985284560514,0.1009812256722995,-0.16890632609535616,-0.15154011053370686,-0.08096158269605014,0.5827089293290726,-0.5177622258348133,-0.16177458793294808,-0.013436807715531685,-0.36576498883277286,0.22017139836783461,-0.13150577895120508,-0.13849847054114894,0.08488460189322833,0.5063854411582955,-0.508086250704236,0.05540494843701027,0.7120972895853745,-0.8103552380581651,0.02550237972952396,-0.2990078005530403,0.017346609183948924,-0.12235008956041094,-0.2185182298887426,0.47067802818902926,0.11368051912992616,-0.14858803272009924,-0.3188577582767822,0.44675451576618164,0.12528692865744384,0.12536880674635453,0.600721594776759,-0.74254594678742,-0.8891873288172747
0.0315889038527406,-0.321224711216322,-0.20170355607369572,-0.07291489058180312,-0.7176698928534766,-0.5573997074163567,0.16428140018498683,-0.17405459891999386,-0.9940713093117326,-0.4341308364888933,0.1851652966219235,-0.10948770170613498,-0.0925307581248257,-0.8426605952634948,-0.03829867164082079,0.07891152164469206,-0.2877752327241042,0.008684466242741218,-0.17836266251507948,0.6358996617526353,-0.5168452119547604,-0.21869875732329302,-0.11014616453635517,0.22085254341298843,-0.5902189324809576,-0.036759031670725806,-0.42048714089287287,-0.08627506489936931,0.9300764955185066,-0.4728840399945541,0.23342332802976662,-0.17712869165816303,-0.8163229035181971,0.45101589545218657,-0.30429727221670255,-0.07140360563672654,0.40440656974217615,-0.2475394370755336,0.5420250087585556,-0.1274885000608461,-0.08929677453145224,-0.3121847386881461,0.48664042631331417,0.2005454156246671,-0.24794557492089453,-0.49350920579675717,0.3364610051854042,-0.9472899004094256
0.1822568631588568,-0.20681186025080156,-0.11088227646130022,0.0319599111239981,-0.592311613580264,-0.6593134323161576,0.2334438189616368,-0.10849476204802555,-1.0,-0.28613352929691027,0.2510566486262844,-0.3870160629078093,-0.08915427599335601,-0.7425471710426408,-0.10022561963753696,0.031038553334602703,-0.45984418143105044,0.29149603856382167,-0.2686136941289392,0.4829339770473209,-0.4699754564702662,-0.22863650357149767,-0.0925684628636716,0.03090981296635298,-0.9506836372036528,0.00726386008797153,0.5208247155263734,-0.05157092245376027,0.08693180074382578,0.11754344157770569,0.15286893773279475,-0.7245527223266799,-0.7989673016489203,0.7747897646864179,-0.3870293711913201,0.10455113450678444,-0.2580915000685342,-0.27034456838548127,0.5906549647844141,0.27660065134679224,-0.15047327966383517,-0.1052377849434879,0.5204116437934292,-0.7637399374994667,0.3095429089950996,0.06921546247791399,0.5175022469216712,-0.9594281995495272
0.23017305363940643,-0.021501670750583513,0.02105667036224501,0.13775668217873083,-0.45216626407064986,-0.6919262011142284,0.31846460018241185,0.11126256282120073,-0.9783468431794832,-0.035957379129719524,0.3952899731994981,-0.48180832573886234,0.02374901618920844,-0.5368667641955022,-0.12495082237206445,-0.04383317198338832,-0.3498845834538966,0.36973484807300805,-0.36930537811013664,0.31319340473443824,-0.40047202379259295,-0.21713353551324244,-0.02350922086532259,-0.5741138324467339,-0.73762475933628,-0.08581188637840043,-0.06720732619550662,-0.09248325153469317,-0.5026981814751559,0.5367097763465263,-0.037525076087677744,0.05539662510994092,-0.8107188688242762,0.477895155457156,-0.5670265977216655,0.2606634995883137,-0.940282011929743,-0.3767350394660208,0.5358954903620832,0.008220857099533907,-0.1306520344057247,-0.08050874028837118,0.38990829581881004,0.38735578536444937,-0.02029129446882505,0.23396058012700482,-0.4034122264178678,-0.9791376194981164
0.12965433808408267,0.13527317254754512,0.13439388425563248,0.24035291754153776,-0.2648222383484855,-0.7022291737990689,0.36395642151642127,0.2902076857400191,-0.9505994771932597,0.2363005634224733,0.5679805583530262,-0.4399036855083779,0.16447891275731763,-0.29317660742581864,-0.00931408079651197,-0.12972327172848797,-0.10454510356328262,0.2585339622573273,-0.4004672279310908,0.1820391182262069,-0.3317549690035685,-0.2536999149161324,-0.10514739860634348,-0.18019625702523634,-0.5922880208866146,-0.05074035846526015,-0.25906112225912803,-0.09675555177893624,-0.46433454960838927,0.5335248557558121,-0.08540549020239552,0.2630364410271384,-0.7164362921196985,-0.05879767340396669,-0.6106809097508215,0.14509480710353495,-0.38114955205896095,-0.3469742557264264,0.42753261891877203,-0.20026608455902717,-0.047928204810000374,-0.24399584363977844,0.37700908145480705,-0.36980447868505795,-0.47168115326268134,-0.3664715708371019,-0.5624050151037536,-0.9104619608985504
-0.05664990894589628,0.1939028563198073,0.19366358983812648,0.3598446725823776,-0.030858202132382218,-0.6699292650466686,0.34015782205653977,0.3147652377209309,-0.918029480040322,0.4339461558228388,0.7054897125886448,-0.38116177565238685,0.31310295200134397,-0.04035667807516008,0.05784280509585704,-0.20148276145299027,-0.10132255229864795,0.2504080563773847,-0.250215075798374,-0.014117909254098171,-0.29340758148613444,-0.30712396825469745,-0.1322102734204229,0.1703258177614766,-0.44076036039663147,0.002396722128491735,0.017491056588732956,-0.05757447875949606,-0.2875239678042739,0.3812376403857145,-0.10804093490619315,0.20806121560522306,-0.6707005804636812,-0.1997455542464902,-0.5559938645065846,0.1647648195819973,-0.15980025256535602,-0.3503932191733863,0.4089831751603181,0.20265836591597686,-0.04382949555966653,-0.15891579592164518,0.3189865876972686,-0.4349979116775874,0.031131992860345736,0.09315365514038287,-0.057499786985310775,-0.698768996230645
-0.19876734091433657,0.16068442954313733,0.18600425441651702,0.49340295292383396,0.19965605405347908,-0.5382223146893514,0.2529326646613428,0.144531821172601,-0.8760820630448364,0.5437942702298226,0.8019149514331039,-0.24139166545624902,0.5129806691872574,0.23519816283107464,-0.1343941975881895,-0.2506107835084004,-0.23787815499381548,0.39810274436933835,-0.052273417001187816,-0.23157209562637404,-0.30294485880305144,-0.3755461260981994,-0.0526643103281893,0.2944360046698238,-0.3984659133274916,0.04633057357570336,-0.17003739769614268,-0.10498024217911939,0.1562934104232203,0.1789818753769401,-0.08581842766294934,0.43586780145605153,-0.7126733405379396,-0.1450192651239658,-0.5333333521950514,0.3541477905727113,-0.23954817652409532,-0.44391513679200556,0.4393753186258902,0.03965631893016286,-0.20473199776643436,-0.05998076565368726,0.07613358306349371,0.05365153198873407,0.22170249412502385,-0.12560805266654806,0.46813310815314346,-0.9446709368762991
-0.18702241097523453,0.11288995232830956,0.1118644736646619,0.5919322588139577,0.3505940186953309,-0.2657179671136365,0.12844567223395442,-0.23518330081431038,-0.8249461376121935,0.5465293117628962,0.8409198221042531,0.02736098895053729,0.6548384790309121,0.4137317639508826,-0.38406139167974385,-0.28341194677321224,-0.10458110548395172,0.44108008731357784,-0.014730648482967457,-0.3010728036602037,-0.3273882768268017,-0.4075348946182643,0.12820013544349784,-0.09658720779973451,-0.3653603412171742,0.0798227124693347,0.3229074559058529,-0.062045321298808576,0.44849063310273896,0.028154289429101143,-0.03192841803188384,0.11442862601261017,-0.7413333767198751,-0.1909947994596407,-0.5122197196877754,0.4602827100313289,-0.26839996087628726,-0.4782753305083487,0.41936123990070207,-0.005418262667256979,-0.2819848937525872,-0.18187587979236164,-0.0031113737779586703,-0.42218940695297935,-0.38184071059739766,0.12322478449439944,0.19630585678659251,-0.5470699011485534
-0.06574502546121241,0.12180484605402864,0.0030610916375066743,0.5552827167882817,0.3334601437488618,0.1361148609144347,0.05409353234299541,-0.5664125137494291,-0.760798744938518,0.332165071153921,0.7189605876395129,0.017190179664252847,0.5360254490095995,0.34577226795932736,-0.07774930124500157,-0.3212688061772966,0.5928030232654347,0.11716742149760084,-0.47719176758789184,-0.00974063389312807,-0.2595416716262753,-0.33916518657550065,0.2249736772110964,-0.8306168280050911,-0.22456733960750397,0.04701180621341994,0.35990304134185647,-0.05828524263523771,0.16605750679597486,0.044117753894160394,-0.003387791671121465,-0.28147555977582317,-0.768483291171036,-0.22543162183072496,-0.4643067355213961,0.27697739495269547,-0.18108889864998268,-0.45410953794883324,0.39935004767149906,-0.08671994947287542,0.03958170875306721,-0.23113699754128414,0.2614306526785257,0.032195691544071536,0.0428042678774605,-0.1858469801108661,-0.5596836990818703,-0.7791442202664536
-0.03324017758570297,0.1476026597290372,-0.10421451070063592,0.2935198747053209,0.11895885636327264,0.5426546321733314,0.14234685702356198,-0.38679157581470236,-0.6965505876627721,-0.00411283131652973,0.4654660304112819,-0.486874706689457,0.21918117747531807,0.10715491708496883,0.3719269080165757,-0.34554899453144716,1.0,-0.39670209646581656,-0.34981207136001313,0.07769558313728653,-0.14940050375968528,-0.32531584244165723,0.011401506052993282,-0.18501014479110167,-0.3820409809444767,0.14349367290473913,-0.5442980900187124,-0.20530269465636064,0.026085723408556083,0.05129212342601375,0.06969483596196846,0.2042682538941385,-0.7905088534452611,-0.07552527249992602,-0.45847264495885387,0.2323488912769751,-0.17135399331911882,-0.380419418473657,0.4143954682031217,-0.06750187952097964,0.08916540885031066,-0.11833087831413325,0.3502007416977586,-0.13868171015788855,0.10622713726178157,0.18080025497727203,-0.03640639867189854,0.12927565263120666
-0.19217194777193558,0.058032945628868626,-0.23554683661265208,-0.1457781461896488,-0.1354615448449613,0.7048940401620429,0.3425500150563008,0.21508520774333673,-0.6908884021094048,-0.04677468777456584,0.3766256743639733,-0.6705410414738016,-0.08085983450935763,-0.15305346843235335,-0.10941010343633639,-0.35449503061707666,0.6356765016330761,-0.24947465851687367,0.1807203766130876,-0.2511857625432642,-0.10901656236748392,-0.43090175005434084,-0.1347116649602621,0.7749414217409847,-0.5327595732052355,0.3143835862289035,0.010974786892585353,-0.22577317015407072,0.03867902040777871,0.03496486398407117,0.16864403325277277,0.01409683765408265,-0.7634698821381622,-0.03499799269451487,-0.4991384914939586,0.37213650393121656,-0.1871239849404548,-0.3632509268902123,0.4055403832142024,0.025451084749075203,-0.22241621353866592,-0.0069400907575519755,0.30117290127390484,0.11706251177311877,0.1833270991297835,-0.29002911258291775,0.35579114756581665,0.7612656242064011
-0.42890331063937615,-0.2305479188533608,-0.42482262948829264,-0.5633864493538057,-0.1737874280490408,0.46989734480512646,0.4514247972308638,0.5922101828657174,-0.774259108491428,0.21962170880944698,0.5108427077141131,-0.17438742474542412,-0.3423431652880855,-0.33271461369358046,-0.26989912327372945,-0.414895557949458,0.3957917308579102,0.42694007394317257,-0.5479485154648903,-0.2411390333340574,-0.013979599037222012,-0.4174196478611051,-0.05502852442347661,0.22415329312017818,-0.2616073490604911,0.27759606851066865,0.7199000539497471,-0.23619839204043103,0.06005190272862171,-0.018762127884428992,0.1600349713984266,0.08110524763296612,-0.7811202185398035,-0.014625335087648073,-0.5192058858215901,0.2992086090888524,-0.2567039903059881,-0.31418857246026755,0.30868126854613287,-0.17595535990151812,-0.46288944342455984,-0.6372382781929176,0.32679481559207346,-0.25785381273258856,-0.1064768092058892,0.23396608997455992,-0.3699732650532237,-0.42493592412831815
-0.474485933435673,-0.6170658845122559,-0.6297893028483685,-0.7391646950619875,0.1113745677873148,-0.012087170134521208,0.3343845539122423,0.2893000473524132,-0.8882242800964131,0.3446444541463647,0.5929426956829336,0.27669126542885425,-0.5487587888911951,-0.41551638222484166,0.013502088194444761,-0.4260330603842615,0.12927645009196653,0.2764517833565343,0.12497573326993527,-0.5379578860481349,-0.020234718575572574,-0.38414675372666485,0.11310488838229849,-0.7024449564033162,0.13835296922155238,0.13865819507801835,-0.058745271895538576,-0.19917166291334698,0.061236899990938065,-0.03378110105036025,0.10728013229623912,-0.23881096462859963,-0.8470651072744991,0.023200382850232293,-0.5499265562682742,0.23026419327792613,-0.23227377501254476,-0.11350606840926214,0.18721825000972414,-0.61373356024694,-0.5555369013534627,-0.6856238112947777,0.4902294529780855,-0.03752287770666485,-0.18824050522595448,-0.17336619934504094,-0.33290430370211255,-0.7236305727826606
-0.17568068009867954,-0.8503358998163868,-0.7147707620464594,-0.6336612668271107,0.5135472418680045,-0.3602790330886504,0.12919485313585866,-0.24532904087670138,-0.92599998176272,0.08604671052259083,0.4455216318093609,0.029382698028793675,-0.5948979354714026,-0.36421003631081195,0.11541413981879534,-0.4103858290461949,0.0686596449770327,0.5514772906805541,-0.3129726287170028,-0.4304436089860474,0.0033968370360664135,-0.4324749295832132,-0.010203593497189356,0.32459723033104626,0.0685318551071632,0.266145706323917,-0.8374705557681653,-0.42106417635633064,-0.882051532452465,0.32670076139546866,0.17536040469669034,-1.0,-0.6033857006190897,-0.2941517615476201,-0.6581725034104204,0.3685724115053688,-0.6185159839305756,0.4489717462303757,-0.006347997346132117,-1.0,-0.051088199086602004,0.3473746553009296,0.5070472177901348,0.08516471711225493,0.36486019750714416,-0.17649703816730944,0.5638156753049846,-0.8684877936180847
0.3415179472855592,-0.7337939550019799,-0.602919453916601,-0.41221110887649615,0.7586494920189426,-0.3858416704152412,0.05016214949707032,-0.3701731834589457,-0.8634566372243873,-0.2133559731724589,0.2762417826505468,-0.3736380945448934,-0.44167405115615566,-0.19785151423501413,-0.14249452783566208,-0.3779428526559653,-0.44348688047584417,0.6787847878202236,0.13584126202996227,-0.5874197901759279,-0.0132441932025128,-0.4559911232641778,0.0553304441864062,0.2832184052060165,0.6189300568979552,0.30378449667494123,0.5980035431816686,-0.23445414831524902,-0.9372144507485,0.0864936942871215,-0.05297729299760723,1.0,-0.29718571030813756,-0.4528978590135252,-0.8264346933640284,0.29023102715603066,-0.6567565974603423,1.0,-0.18419952439714615,-0.5938221960448749,-0.015879433681865174,-0.03755597717412129,0.6623750525915197,-0.24004308353124615,-0.17234842738371436,0.14406493443628055,0.2034565446514356,-0.8448356991685996
0.7486798771426124,-0.30046571947182776,-0.3711601870248522,-0.2683371349862851,0.793815225237108,-0.24366913458226647,0.1174110461443445,-0.10934979860227378,-0.7700774362258564,-0.30058619651420193,0.24861086902513363,-0.38516375664624514,-0.20597020462243543,-0.00874454039021244,-0.49933563660668046,-0.38601926012044485,-0.377151048025558,0.804607039707703,-0.4338208350824244,-0.21968004134545027,0.020804919932852828,-0.411883459666185,0.15767938763968847,-0.47329362393451235,1.0,0.20273039221935774,-0.2752883496646308,-0.35848618978722746,0.18623097638409947,-0.5935551274922113,0.11707642635662019,0.08320104520176219,-0.11534948554359425,-0.5447601600229026,-0.7961802476195267,0.10779880477270765,0.03819035072548593,0.7646121435471751,-0.11934453928671418,1.0,-0.026491691546888907,0.23849987583270704,0.7660347992663363,0.04374383762124978,0.32090733581311004,-0.3095138825053201,-0.5565508333365194,-0.8038279318033912
0.8202660242910051,0.24697495885891163,-0.1456100113279588,-0.25680874116051955,0.7267225763314267,-0.14310733479217275,0.2165259151676775,0.14485370868878267,-0.712762483027794,-0.24746262968759725,0.315222034152183,-0.061476060411913225,-0.07823874436422518,0.10456478857691032,-0.2670568114625095,-0.39975455517324776,-0.2329031803947924,0.32161006113621116,-0.3008237676670832,0.0830989682572878,0.05491284594860257,-0.36015007821767897,0.008114306363361967,-0.13613470496247404,0.697393299335846,0.31726243449762515,-0.3696736098081237,-0.3558709106898207,0.2743751350322303,-0.7179227114378334,0.188667961126604,-0.3115899832628436,0.0230889907378371,-0.09341488318996627,-0.7502615818496462,0.2336485296616102,-0.004493199300505846,0.21965898780385462,0.09135810928756372,0.5979476315467682,-0.288912631346692,0.16474105068903366,0.4582574110955646,-0.19295334650585994,-0.2954706770938532,0.46476599160905874,0.018218202829792807,-0.7513063691287993
0.5620404317253984,0.6902194264763133,-0.006590028425219607,-0.3083132974649381,0.6652280720448343,-0.1475136699096481,0.24680764981949288,0.12725761652406709,-0.7025496984574888,-0.2804233615997842,0.32378779241171984,0.13168331254184662,-0.0555516591343751,0.14510954981469748,-0.12646797097147833,-0.3752470224363804,-0.33401995774436755,0.1153636845774948,-0.08470287899901885,0.23800755499911852,0.060800748779746616,-0.32288658393302405,-0.10435194268691039,0.22758232459835925,0.35453686907422255,0.44506754954360583,-0.1939725154265899,-0.3460715726357606,0.07989670603788213,-0.5898089182868993,0.1935732970707018,-0.22345492479123574,0.08048545882301661,0.2681397295243688,-0.802570943478486,0.358043891818584,-0.22542197728061486,-0.003145746072652278,0.1774070261414562,-0.03355798060546866,-0.15950968484269745,-0.009643840840800055,0.38975272052450394,-0.09859701237187168,-0.34446231075412825,-0.5686373410608133,0.042607103551607795,-0.7492431349538944
0.13971988971912142,0.9123124962496254,0.05144963837456307,-0.3403808459983846,0.6103938314798656,-0.1791220337764876,0.2248470854419129,-0.01571125668607165,-0.7123577475149911,-0.4155857033723477,0.25945194649849124,0.10420421254773671,-0.052312243633124145,0.20060446126834175,-0.05789047302742101,-0.34339114743450394,-0.40608611240516834,0.12218153996864078,-0.16956129345879234,0.4004144496562134,0.06814675600393105,-0.2726193129821879,-0.1059709336839244,-0.0019054175660537798,0.22381954154069228,0.46223589787604635,0.2305417316978875,-0.2971289187971137,-0.05495491825202825,-0.4631138475500449,0.13635294586227653,-0.14103838149002101,0.13547435097045635,0.3658249188016758,-0.8915308964008823,0.3248066187514924,-0.3726009297707814,-0.017448833331808467,0.17304645330156787,-0.09953309499135987,0.020896943602253693,-0.26967299448873416,0.45808531575936673,-0.5099535662121186,0.5363772643567599,0.12101973591654525,-0.15423257927487632,-0.8940292097832873
-0.3068595500063984,0.8753556571254779,0.05292191165737248,-0.3190126393421093,0.5416387911740428,-0.19046884493281213,0.19578237256103992,-0.07932631610389229,-0.7237068607034869,-0.5863747725953619,0.15810310382691672,-0.08660216822149247,-0.08549192298318242,0.2456236819565818,-0.027837775560143663,-0.32545114104724526,-0.21559678586338615,-0.11050153211822866,-0.17283792810613663,0.5476294088813423,0.07427657500667784,-0.2208773186798949,-0.060654617921694354,-0.6867334963183009,0.24443169436079404,0.3531007011416387,0.2495141851030005,-0.2103327165973251,-0.09657883325018912,-0.4119506156966667,0.01672205251778114,-0.052132217745547216,0.17206964697863714,0.31977209977230214,-0.9650196494308731,0.18413089405274774,-0.43761607811741254,-0.15617529902501326,0.18747460077329925,0.2897758995882691,0.11976083377547764,-0.5689510526812087,0.6056502196100038,0.20439756554461508,-0.4752704791261775,0.447479238119322,0.530631396372033,-0.9490804082278776
-0.6760037745762455,0.5969482261765304,0.014226005241570139,-0.2361395544852274,0.4671779446959028,-0.19699230278536817,0.17583645499799982,-0.004338112029607655,-0.7362545608752986,-0.6892686290043655,0.08834994560332099,-0.2499310781424976,-0.18299855902248685,0.23298075096488313,-0.1448175084953619,-0.3327854110052402,0.034414452150955066,-0.33032127427564906,-0.18825832608103332,0.6391106757950575,0.08687897895494667,-0.23436514853226786,-0.1936526616868599,-0.3126860558546435,-0.01673150245718158,0.35270527824904896,-0.5746499405733956,-0.2724658968730471,-0.18877023528848935,-0.31324289519257986,-0.010551489942414283,-0.20742051131512784,0.19823254341066043,0.2263720754848504,-1.0,0.19336471374159636,-0.3909066031660958,-0.37580917302560557,0.23277133883289336,0.1205507539859687,-0.015020122031774275,-0.47159734273584686,0.43749984145362264,-0.16402678619977717,0.09593907547124658,-0.8421972095268897,-0.23736159397066692,0.04668146371840254
-0.8757962715398514,0.1516145325957854,-0.05239077027465122,-0.086386508960267,0.41812799569714354,-0.2274335213697507,0.14354661450948458,0.09817614805703201,-0.7533840965892766,-0.6816633833932159,0.0892482637646963,-0.23615534259897408,-0.31531462749341366,0.1920161419097448,-0.2463636891386627,-0.3642590511946687,-0.039013269670504225,-0.23224833543633072,-0.2619337809405672,0.6048713772166834,0.11713938053592288,-0.2511942746338369,-0.3652454141733459,0.3810983249448352,-0.21532326860530715,0.45201230993461206,0.049434727632475584,-0.20501275898149318,-0.41567124541797273,-0.21476451333794633,-0.0950815616070313,-0.066051993747549,0.24257384528441817,0.14510991353553981,-0.9802101337217904,0.2675526849552643,-0.404874163050272,-0.45855537204614916,0.2124953888626928,-0.01793146562000647,-0.1254243618847929,-0.5796309959929178,0.23033822961706174,-0.38226031818406836,-0.08583637751915552,0.7088649844335482,-0.6992716970094213,-0.05126129022886661
-0.8166653949106006,-0.31905038792338813,-0.12762896861007056,0.12882529730074865,0.4102487625307989,-0.26981459677166486,0.0674306552707713,0.046511477112224586,-0.7683943573341645,-0.6196628013388235,0.13742611802814153,-0.06065099742516744,-0.41572358939994203,0.17104319294342463,-0.37506210231834824,-0.3879960585471762,-0.3422739615532565,-0.05333411199157023,-0.09987275082905744,0.447911883825062,0.11901072010580971,-0.21718006817144597,-0.32553026585955736,-0.011107948490112651,0.01649506600616113,0.40353730485159023,0.20874710552931885,-0.11191895730577572,-0.4173797951829059,-0.2262071193870775,-0.2215282997532364,-0.09639858063121032,0.14456387363365963,0.10502954587312607,-0.9246084211244422,0.27640409832594126,-0.3238619871385682,-0.5409242274294318,0.206746750961756,-0.04864054397790851,-0.0945403093202778,-0.5663643393783226,0.19066782318944298,-0.07556987127424342,-0.5161864919150282,-0.4313963108605181,0.35195234113180307,-0.6193621483880389
-0.4984849029946191,-0.6444193257800791,-0.16656271137785494,0.36254395033007536,0.38593873832097114,-0.25100325773951504,-0.01976437501175521,-0.1078513839294305,-0.7574256214075075,-0.6232559363350463,0.15063978922504617,0.012862364350221922,-0.47635716725832533,0.1879416982771258,-0.25276107239459533,-0.410583126221581,-0.341324130920726,0.0439449501124618,-0.42574253601131007,0.5639993972746569,0.15204952484214318,-0.14850354517818554,-0.33981161647629854,-0.2593867682600608,0.09741292973176674,0.3763054586403969,-0.06780527965429073,-0.11948872769347296,-0.29891236274399413,-0.2714121968426192,-0.2888805256464555,0.07281768696451962,0.058203558616898965,0.09649052932685565,-0.8556825683459216,0.31203263630667366,-0.37017698540448696,-0.5526080705688227,0.18178664362659913,-0.1295626693021762,-0.0759839189519923,-0.4790357998673548,0.1634351670808727,-0.3069701773460003,0.6746471884251417,-0.06262271079893456,0.5221498728006688,-0.8271875371169701
-0.04769019966143251,-0.7122765688587731,-0.13801616105756986,0.5235221383355162,0.26324891123395244,-0.13278589086544113,-0.04837415688014357,-0.16011555872770133,-0.7121309056710545,-0.6736361386103773,0.12997477792661827,-0.08018647661874012,-0.4939923301165883,0.2219403924937693,-0.16200592378797507,-0.4011590550259966,-0.5143885991531794,-0.0885039251779357,-0.08082518971090713,0.4790523242300757,0.15976344204243742,-0.10360394043517296,-0.4074378515887176,-0.09455856423707776,-0.07570010592560539,0.44346919795910256,-0.24272319546249632,-0.10442058220647454,0.08533163797554688,-0.3911342931806323,-0.2774413590390282,0.30165142568643466,-0.00047348656195833616,0.055717228515802075,-0.8184723194388366,0.45937731596654796,-0.4644271960500941,-0.5139373642988596,0.1359081671701865,-0.16732935706660867,-0.06713136257364316,-0.2802751142825667,0.14253234897551326,-0.009797272122074596,-0.181477957539546,0.2445484408835623,-0.420539699424766,-0.9490132147777368
0.3295770572110377,-0.537096421280272,-0.05475587547111338,0.5305984364408616,0.027734539219539167,0.015238990724876889,0.011600340264639186,0.0026614591079663352,-0.6554427191670118,-0.6570241555259017,0.14522845392397343,-0.16820546311766804,-0.4804154838580714,0.2601624071530819,-0.19944736170558142,-0.3951854397671334,-0.5140020524501278,0.04183563829263348,-0.3683582792416702,0.5357663955767749,0.2126846704411134,-0.03617726168598567,-0.4566591451596054,-0.14442417794714424,-0.41067270043038573,0.5293165948335325,0.202510471843524,-0.09905820820195554,0.39504024654751624,-0.5106416024318177,-0.1862961586778158,0.1932723374685037,0.015309778776605665,-0.10045739659346198,-0.7924133389352023,0.4670898478095298,-0.4567685299637271,-0.4432641022534214,0.045855254673351276,-0.1530037796651066,-0.052572477946400076,-0.46520450873007646,-0.009210964934856514,-0.3871258588576205,-0.23597962756272395,-0.363356406906826,-0.44834063582538564,-0.9103848860586832
0.47769900374268337,-0.24580411567779736,0.0335215141629277,0.38445079365308943,-0.23577192516340628,0.06716999210836039,0.10782676484265563,0.25482976069126506,-0.6226497971774498,-0.5144982565983797,0.24037828857652022,-0.08900080997307447,-0.46973407665821376,0.29934563506003387,-0.08869606934998053,-0.38936280170210447,-0.5198828706388884,-0.037315234154758015,-0.2146212241525719,0.391699888942743,0.26844623809063495,0.05722706661903865,-0.49430841135399683,-0.4402359310203231,-0.6425425100119728,0.560498759069544,-0.06066857019920002,-0.10440414662604414,0.18246599320972323,-0.4357386358294817,-0.12729833664359413,-0.3782960044609587,-0.00856694130212643,-0.2010192179085305,-0.7614971656909126,0.3804386564201523,-0.32722184637659546,-0.3999495824494266,0.006440983992581639,-0.16469769934083645,-0.053872080131218136,-0.37744523957058085,0.03745442684668543,-0.26720791653078124,-0.1917376635480864,0.31349497034803586,0.025248225159659743,-0.9110410103365264
0.38144254156814883,0.006654838098044014,0.07930577108644155,0.1748728218294664,-0.41197101647026724,-0.03583322972055236,0.14893575640522894,0.36172088523321566,-0.6251186818112022,-0.34869849430737443,0.3568787787229457,0.029460492256582427,-0.43521834049020847,0.36856147380274984,-0.018978097529210536,-0.3784304040519787,-0.48866435573137934,0.03318087090337918,-0.21590328098668177,0.2018829251919616,0.3196236175518583,0.11594192031578743,-0.6146683292795361,-0.10416882862699162,-0.90341433409656,0.6513528640877864,-0.28838429857093995,-0.1529481130129724,-0.264646143514492,-0.2772417962066642,-0.13820255133170545,0.052848436318358116,0.0019482948053837212,-0.11620223013091668,-0.7761970395141076,0.3441714946911987,-0.2959284665383587,-0.32885547992302533,-0.011749716546947009,-0.14988674356420018,-0.05952454344114155,-0.44243228380707333,0.042822163027626425,-0.11547550826403197,-0.05931608862237081,-0.4437067083374314,0.1555070685722144,-0.9558748518038576
0.17047544539437176,0.13930788978153696,0.07815246043817425,0.012508964911942755,-0.466970354065961,-0.21628325270809756,0.097855542226293,0.24825734737861316,-0.6419930910908496,-0.2419736741685906,0.4482183135656519,0.10916146541163618,-0.3088942504528054,0.5257442254855702,0.0058758492397792406,-0.3605417777071982,-0.6945483993288455,0.2957197432597496,-0.08855122782680724,-0.14737820228812415,0.34556377394246174,0.15768190958586037,-0.6900307643080146,0.2479640814803299,-0.9779686307713824,0.7316264448398524,-0.11693323292594415,-0.15677410317494256,-0.2889147915847594,-0.2833454325581971,-0.13891963469514046,0.20451402558891818,0.023177920086562276,-0.04965133291703483,-0.7687240792108322,0.36826256299610227,-0.23874894832016103,-0.29145535598381667,-0.028475286255083998,-0.11103381861385986,-0.058740867124008944,-0.5820603192061014,0.006384197787115298,-0.08168680666904726,0.36018303500987203,0.24282956502414077,0.3899808789403336,-0.8854343769991286
-0.007171840811366792,0.16234362023165438,0.049090059390724416,-0.05284649074061254,-0.4500463472725009,-0.3496962345825624,-0.02376957462485907,-0.021639333735088084,-0.645181233937152,-0.24389760646722514,0.480824165430737,0.09942698804104588,-0.05888071745710921,0.7761229666886122,-0.08954976569234097,-0.34564517319421917,-0.787197744276274,0.5698498890991617,-0.10749353623072988,-0.42801567521204253,0.3484781335980165,0.2084584350988843,-0.6138698201091939,-0.13093656612204896,-0.7644475359955251,0.6847249604485512,0.24734445974877706,-0.09685200586823361,-0.38748993261350095,-0.24779843825416004,-0.21152842120753468,-0.09661952358775727,0.027404994695783502,0.028185592857114417,-0.7432669563695191,0.29877404925878825,-0.13809238404229185,-0.2888841685102076,-0.022361383833379822,-0.10701839539786095,-0.040948299878381667,-0.6064213521999722,-0.03930561819163636,-0.18900898854517634,-0.30061936308957904,-0.07987508751905426,-0.08149502709017409,-0.7656857674588841
-0.09420799471781338,0.1296896915579917,0.022147185503364142,-0.05321705304660318,-0.4532357656288225,-0.3552856014033293,-0.1436844227587818,-0.23733032713057733,-0.6185677449934326,-0.3488661367730479,0.4416493954745193,-0.045128831555291016,0.1734353742228103,0.9806872011582208,-0.05658985885102752,-0.3559125671241765,-0.3475296462416859,0.40198573329255605,-0.3243049600656347,-0.41789586976022963,0.3665881283204975,0.27586960107426695,-0.5276667827218424,-0.8939472041416989,-0.2636691474923665,0.5124683619690098,0.269617198841956,0.005954164406054785,-0.8021305077868472,-0.07591708572891909,-0.4160186930904749,-0.30958911860671057,0.004056594065136476,0.23750757821489232,-0.688932932981382,0.09806130847624495,0.04747026418635447,-0.2820987429960451,0.01395498644458315,-0.1395175588402584,-0.01416534399476399,-0.5680077105806252,0.07692269869631008,-0.07175742685973074,-0.13390278135652922,0.07140465365293402,-0.5528353609124204,-0.9464614446947509
-0.14446117386586443,0.06494471199244756,0.010560905013274224,-0.05848244441826966,-0.5267244938228244,-0.2672911934959199,-0.19802167828734052,-0.20231545980539678,-0.5719372406122754,-0.4779022018008964,0.36299874093692486,-0.3046402828865926,0.2460290205347888,1.0,0.01754239566256688,-0.3873499936795459,0.26137995445864437,-0.13314596390904232,-0.3188943614027927,-0.2959230211860082,0.3949202012587776,0.27694550973729126,-0.6381351726294898,-0.6888920871670361,0.061866502673945334,0.4202742324296582,-0.3935487709462888,0.035042836385972276,-0.638416736676274,-0.04840229457991274,-0.5897977040906719,0.4792543058911085,-0.034858373291151046,0.5226710906365268,-0.6723590115332831,0.22226615743695333,-0.2315742958231578,-0.3006739378273101,0.034230332840595734,0.049011879638293454,-0.07680979125196719,-0.43230574290439827,0.08437199531768136,-0.24703025956619495,-0.1204594259761983,-0.15030600915269277,-0.3728513401135628,-0.46538045227911273
-0.1999109250056521,-0.04260289650078375,-0.0018336083461667485,-0.0941819344547723,-0.6202855726829162,-0.21289304218772576,-0.20287469353750454,0.010926054940329388,-0.5388845560454455,-0.4669279275839495,0.35566122033812686,-0.3667639239930609,0.12162693276856174,0.7841789893828985,-0.21549266449538207,-0.42835244567813935,0.5607101980525584,-0.48083231767706636,-0.10707058399609293,-0.24521506337040944,0.40380445277881427,0.19949318162248786,-0.7781116579052361,0.0018890320948568018,0.18869827027866526,0.4542789936582825,-0.04961813296703288,0.14603287332598103,-0.12114297569827392,-0.12235419216551735,-0.6004673216583118,0.13988732047175279,0.00040641877152025607,0.355203699050771,-0.665217946368424,0.46809255023009766,-0.48609660834245005,-0.35286064983109455,-0.023171600204855314,-0.06964533350684243,-0.10023194034432426,-0.2577213922709678,0.06799829602489327,0.048840528117387594,0.353766147806593,-0.07951997673011335,0.5604133205355295,-0.8241322114135191
-0.19981833530170534,-0.17151499684022187,-0.03526664326204798,-0.1137718254769633,-0.6261189097633598,-0.2869305334618274,-0.2517068403225703,0.04796528396858091,-0.5417824303376783,-0.2932870699355339,0.45685469913273247,-0.03538623714769962,-0.1772263906928443,0.3774400618850553,-0.5116860172665304,-0.474912825979509,0.5743005636806278,-0.447286262728125,-0.07211164443577334,-0.1881763849033059,0.4063133619889885,0.12856100809692195,-0.7773970334273816,0.18263847070971484,0.3342682095148528,0.48327108853287415,-0.018160785509455102,0.19294728522148819,0.11376048519191251,-0.069647352589578,-0.581606202748825,-0.09285786990464395,-0.05863031640799399,0.24165095767714995,-0.6758404816572963,0.4996186353762093,-0.2701888128400436,-0.39939077943051393,-0.032037340664462954,-0.1315305962410992,-0.0608171200973906,-0.32785547856655894,0.12221473141847494,-0.4512638516491393,-0.4223702233292238,0.10449713025765273,0.12833578418321911,-0.8772782779188291
-0.10744594269161167,-0.2565417493818549,-0.056260231143179906,-0.07946612559468902,-0.536076561581678,-0.41885339262864474,-0.3590087717424544,-0.12922759389228644,-0.5456907544183495,-0.23804441584498337,0.481331580370034,0.06676967041320125,-0.48495055388059893,0.030552920727855648,-0.05393331032990556,-0.5319400976740163,0.3839543994568435,-0.11934641427747772,-0.6453999750947863,0.03288822171052175,0.4951362820572449,0.1134816766085529,-0.8687287903851634,0.7003572312366311,0.20630670002691542,0.6063828566776641,-0.19635708696344334,0.09282540558170926,0.3752498545376619,-0.003802036840714229,-0.4775219478695798,0.05908038638021873,-0.08806644555176524,0.25780672122990156,-0.6506523843838826,0.558366050674135,-0.30692168515888785,-0.3485931139777618,-0.058556585638489866,-0.17137065568534493,-0.06289163062391567,-0.4755734622108636,-0.016113751503032847,0.07860575189342311,0.4307398249884269,-0.3372237636881892,-0.619320439882303,-0.9680487239469748
0.026286293318725118,-0.2460729706113658,-0.011832529034713213,-0.01150525095526711,-0.44500571691081503,-0.48327743408570567,-0.4310998248554837,-0.15856851897529223,-0.5104153327501484,-0.3344744442539461,0.39385240617337525,-0.3397143807057599,-0.5425859205280219,-0.0526986855823689,0.19615337343965034,-0.5378905539915347,-0.3055619039564257,-0.018303844117985246,-0.028866634227384003,-0.21106558165262168,0.5108281822476151,0.07079995070389322,-0.7363141678387342,0.28807921899775235,0.2783273234051493,0.615336589028427,0.5649729868584041,0.2483421046655352,0.38190649928521325,0.1251196322789796,-0.5000646603527329,-0.3516900141443676,-0.07740582279092079,0.14205149425565877,-0.6428429773060327,0.48369542632981033,-0.3312026284227888,-0.3295086849713028,-0.09725726878938079,-0.027998241740475382,-0.0403955269959666,-0.4879758443455289,0.2637305689886902,-0.11995272147322256,-0.24400203060807013,0.5820986554184224,0.10406104664942117,-0.8606143022839646
0.12160582187482016,-0.14953818659774387,0.09092865850758436,0.05031426980767617,-0.3957187235058529,-0.48192284222492565,-0.4287530197989209,0.08872462111266421,-0.4543147648764094,-0.2602544286488533,0.4160771242732757,-0.5355960423986066,-0.3602094571598672,0.04766675636092188,-0.3340749843708286,-0.5530453226212608,-0.446183439468528,0.2294944269935446,-0.15973306354504213,-0.20496347705414775,0.4967801416235771,-0.031213542533389815,-0.48296460050041135,-0.47249479148494467,0.357149486060365,0.5129639651905005,-0.06574061328221359,0.21570879598279902,0.17720010129876296,0.31112392045993986,-0.5478594004534572,-0.2157894398828223,-0.08893220232161403,0.012028141653252389,-0.7069980290523219,0.42646015996131803,-0.42814648435823544,-0.3105224247768663,-0.11641014601291677,-0.23019443015249474,-0.013327245328027315,-0.32104751503658957,0.14917606385459403,-0.31851637592683546,-0.30186626697054897,-0.6291510201781263,0.05338569741138377,-0.966862957179788
0.116886754683035,-0.03557239960731429,0.1904297979340348,0.10004665564462623,-0.3270242925393553,-0.5003852419551433,-0.43259443240857853,0.31015226217927894,-0.41415703359644684,0.002650277126512224,0.5724952729180324,-0.2588413216096923,-0.20670675230456603,0.15133493119055785,-0.259196845783881,-0.6144654923562077,-0.15810640765747486,0.13780891346494317,-0.5911829326344393,0.02295372783348415,0.538429381891381,-0.10436233787571225,-0.4552121562793099,-0.3074770672564091,0.2951106475726766,0.552475907349786,-0.17219661529253816,0.2390646472682747,0.05088646352401516,0.36122423267947035,-0.5593106087967471,-0.05596251503300531,0.006879251772486716,-0.12973549923414274,-0.6655234181678682,0.38926047185560475,-0.2696151695632696,-0.16590101372654986,-0.1671243935438278,-0.29236199557720466,0.021801676576179485,-0.3678519299164803,0.12416907078922779,-0.16908160074354261,0.19242088871786067,0.3699719380800308,-0.16742664874023427,-0.9827601369718718
0.026132510202611092,0.03071997005735727,0.24501602698947877,0.16915006625600348,-0.1873864094958625,-0.5452780701939339,-0.5160208861312052,0.26316385335906234,-0.38581296484387295,0.13842267711608036,0.6499485404770668,-0.12821383108419493,-0.14660662077080333,0.20252589921039466,0.09570757947764474,-0.6395713049840221,-0.128747297672822,-0.21874749048930264,-0.23152754037108192,0.019567346494615778,0.5440592891425824,-0.16670962958565605,-0.40862840059472216,-0.22875885600770451,0.34792861746477066,0.5883523332602474,0.060040394009356346,0.3861125098806586,0.028308050485448266,0.3062037388145007,-0.6005583134637873,-0.042122252968345264,0.07708097446259266,-0.1394585528528488,-0.5806608815178103,0.3524046847834046,-0.16222313810261801,-0.1502256297405764,-0.16266742564488124,0.15488928062975682,0.012748643696663065,-0.30193371695173,0.37134453321552163,0.15094466334228707,-0.07389920182887866,-0.20101425179830368,0.22778517419683797,-0.9842549936097053
-0.046413235964595345,0.06032834179879809,0.2746479852728705,0.2709705344694826,-0.03804057886158274,-0.517770688067342,-0.6350985392327504,0.10206114142268574,-0.3438026387885501,0.1411291001192625,0.6403236502173228,-0.2013636280108173,-0.08477083773466898,0.23297114892901827,-0.06379844211443397,-0.6254107312246764,-0.16577449368002195,-0.27615098987179165,-0.031746819490667044,0.014029237849843446,0.5050284352681123,-0.28227871049895736,-0.3107759812406523,-0.04423042810350941,0.2655181746031967,0.6342239960621101,-0.2594864340491452,0.3959741180304064,0.12216661020657438,0.23141916673671425,-0.5713145837803469,0.07818113057803333,0.10831636276405088,-0.130309767029837,-0.5556874976130362,0.43893544521401173,-0.29878605885043363,-0.211380785493696,-0.1370004537747994,-0.10384989393917865,-0.004411175622031749,-0.15847378591255445,0.24145063109451526,-0.20455475042212712,0.18238015897497095,-0.000534225707759739,0.28281106953721324,-0.987421781389272
-0.050939533539080206,0.09413509686587429,0.29187573178190007,0.3607570813712402,0.043775079316225485,-0.37485678587753857,-0.7343730217513743,-0.0274808141839058,-0.2871183774520991,0.1501786729243193,0.6361275667820199,-0.15999144144519262,-0.023308517554864627,0.2484563854999644,-0.2609218305516805,-0.6173760749944242,-0.20447711777686062,-0.10668051121380784,-0.2048040948158001,0.08163138070809639,0.48916905822023704,-0.38125581634293904,-0.24078536405748363,0.28535513397220824,0.03975821980774508,0.7521960705869661,-0.08144761416836599,0.388189258075033,0.3708848389691852,0.08230561078301335,-0.4759304742025069,0.23320424210739876,0.15805399803568143,-0.18644408146913583,-0.5229453185565558,0.5284188283716182,-0.3338600429723648,-0.1983058817912693,-0.15186166135800971,-0.06284168419558744,-0.007288533228980154,-0.14923256815677777,0.09787802704903203,-0.16454480859661913,-0.24741599060927832,-0.0062147466421687,-0.6147255852540845,-0.991935600216363
-0.0386579869214807,0.1357824691550802,0.2817234568004743,0.3728293757847172,0.035240830076740615,-0.16358154153512616,-0.7999924893611302,-0.11332969000697624,-0.22917684338032507,0.12103127605748099,0.6004970555931874,-0.12119303605140452,0.010436547275229247,0.2548361344429495,-0.1356463246554399,-0.6105192462495636,-0.23233903368587283,-0.05123432782078852,-0.3288752632774874,0.1316631452985224,0.5060803947421739,-0.4005378041205364,-0.12574901566694374,-0.023866402651314234,-0.08466362120628568,0.8038671363002001,0.2951690160525926,0.44312887215565744,0.5197278055542993,-0.07879229729590176,-0.39401502168062885,-0.03235709637179107,0.190535980134116,-0.296084445787679,-0.45344077086440904,0.4945594442920558,-0.36802650174576956,-0.19311042877374973,-0.18088404908431976,-0.08353342380595141,0.01637872715824651,-0.28379894223172175,0.14461396101393942,-0.016273973375986794,-0.029079367788238275,-0.030824967483647603,-0.1629838211813852,-0.962068506884463
-0.07907519293009724,0.14680609683986634,0.23784631682561685,0.2714771441569279,-0.06000473080004265,0.05184852992442757,-0.812814532916329,-0.06962771617379349,-0.18023781956204832,0.03053012654542253,0.507333175158623,-0.24650038892221193,0.04165634105069116,0.2750728349718454,0.031132698112045443,-0.590099537622373,-0.18502938550890435,-0.15396799522396032,-0.2984957810322235,0.1292816065749518,0.5273218305184384,-0.4126193715010229,-0.06557390723279677,-0.24372935905508464,-0.2662354473057482,0.8212362665513377,-0.10326772306183396,0.4228932629646258,0.2892349990007046,-0.07737719187984382,-0.3482139025808988,-0.2695842707900108,0.1941089360940813,-0.25935785505922626,-0.3932421754380442,0.32888256242585645,-0.1300283061327402,-0.15774635561025752,-0.16946075027053875,-0.19723156758884786,0.0517906731674318,-0.17303065555718233,0.20992597117844936,-0.24341913268965576,0.1723470937351066,-0.029341181219419643,0.5575164398308068,-0.8907051102792738
-0.1898380220907957,0.07257871926792214,0.15689715405945903,0.07695711323384158,-0.19125545237954633,0.18762952038084224,-0.780523717330564,0.11771473576283098,-0.15777720932091754,-0.0020882139382275566,0.43693643634752655,-0.3232963198477711,0.042698309129410195,0.26039165453415203,-0.039404200658264554,-0.5631702651900816,-0.065990669929053,-0.2868931390089897,-0.18531190025262545,0.07036124674585653,0.5314018841522496,-0.45037080184713274,-0.04201373476766701,-0.28246538771218566,-0.33958576814454633,0.8360958573634507,0.17526603408190566,0.5074533990442132,-0.13492226649848515,-0.02009812068433159,-0.4130320249707202,-0.08740100887580493,0.2206311919765569,-0.04576648558121588,-0.3511419913376713,0.23526630539427873,-0.0790971248935024,-0.0690495746212717,-0.15032022741267026,-0.18423446242365893,0.06283081340576246,-0.18135076168284758,0.26649399523089445,-0.1213713434642586,0.00017559509656561723,0.07060449095048127,0.19857369818581172,-0.08525327088822021
-0.29482057322493926,-0.10219513344277176,0.033224794350633635,-0.13171899275860544,-0.2552917224777592,0.16834572738632692,-0.7758132764986889,0.2114447406432236,-0.17719913969048906,0.07843615287592498,0.4424821116015709,-0.11651156483841751,-0.06936318260388052,0.12077323414046615,-0.2514735117297493,-0.535152583575379,0.1075618709898376,-0.3821703682844676,-0.08378629673961058,0.0034887672612893272,0.5150098238867968,-0.4874810451826397,0.0019165725756913332,-0.431269499316993,-0.21699889875780243,0.8051045239410888,-0.047903793471158695,0.5659754521240112,-0.20484264537316677,-0.07432237752046378,-0.4658681958573032,0.12986959259157982,0.1864356161871632,0.15302414254643937,-0.3320450138680425,0.28120696271875767,-0.19313081354851658,-0.0704130131197912,-0.11425628016774159,-0.04497741625041862,0.04658211575685689,-0.21425199279949703,0.38148147560062284,0.06003654914969059,-0.1592766811319306,-0.00591641964564793,-0.6306846400936656,-0.8327013525843885
-0.2547077866161065,-0.2954842867818239,-0.1064031594996191,-0.26414214914439693,-0.19167612500613807,0.023891317600715833,-0.8605521586303269,-0.020729949206640286,-0.22147340670002325,0.1343781636228094,0.4466683930207753,0.205754824241849,-0.3349473267151981,-0.17933248528041512,-0.3556119472575274,-0.49381671163263974,0.28017987508059217,-0.43317596822900195,-0.025343261131394956,-0.03260904453356683,0.49245144407955954,-0.5169762776956399,-0.0030391369041491423,-0.25846845661029594,-0.14981881054601398,0.8506978515277628,-0.17392145249296576,0.6141961153551938,-0.13191315772167267,-0.15709409563379728,-0.4347505287290795,0.10252898948091071,0.1553084878162283,0.2275329071610186,-0.31858358870049697,0.3862814620165427,-0.27775586132447283,-0.17606766754487957,-0.06814793800031027,0.0799183521412743,0.08193610189092104,-0.20790713455586418,0.4437784811160266,-0.3760407936605642,-0.025576647729735003,-0.1739411932317676,-0.2851027293603303,-0.42240233580242914
-0.06779428426721168,-0.38853870647466704,-0.1781246113123668,-0.31643703436913917,-0.09014279318660123,-0.0972678125444354,-0.9491970537931202,-0.2634708764647491,-0.2347209345939174,-0.04522438587289912,0.29362478186144103,0.004707383998793224,-0.5991305270946325,-0.43389418652987977,0.15339033494406085,-0.46005158711457106,0.20948049409346403,-0.11831284680931375,-0.6471336400712053,0.09441354868568697,0.5757686212729256,-0.4910538743371068,-0.18397593022724945,0.4991268344839075,-0.2855987924659882,1.0,-0.29378079337646135,0.5065890756915739,-0.19897622434231166,-0.1406231677359041,-0.30809037397084205,-0.16811197805407785,0.165372449913314,0.209613880576208,-0.2575597128321083,0.3843540177948708,-0.241579283631853,-0.31621205410014386,-0.04259379544881692,0.19892760082139427,0.057516393236378915,-0.18528093417215707,0.3054707200994857,-0.12184654115100646,-0.03843660064943322,0.1872894889893848,0.5132879908175922,-0.7037096910939232
0.14634580898017235,-0.33136964954426595,-0.14114177540676365,-0.34678079262246375,-0.04915654131677649,-0.14104960937046385,-0.9355338388457736,-0.14226085215004614,-0.20681839391228263,-0.23470150595539574,0.12577203571661255,-0.4462038234221247,-0.5855235476576361,-0.45895464288935295,0.014723000305512102,-0.37650488477599975,-0.5613069768883931,0.014231502878348623,0.2844489173653195,-0.37820499880159153,0.5413426643689336,-0.518641269138675,-0.10195012950556859,0.22303811070288693,0.05325841130983533,0.9896554720040072,0.35334526041509196,0.6733925044480407,-0.5986055336088685,-0.024411989248988908,-0.41739565633267706,-0.4273845424670051,0.0976313949735681,0.1146916558135691,-0.2520344833742204,0.4020444854269365,-0.4732999711216045,-0.4806646048696106,-0.019204491645927635,0.09179872096306063,0.03386445959483808,0.05449364660375,0.48421919408754177,-0.0024859443167756234,-0.07744126297307641,-0.24916774064126634,-0.00346487906104731,-0.8079385899296385
0.27703395682313703,-0.16818767497645404,-0.04758862550864351,-0.38243377753098884,-0.037914810587651226,-0.1963572908318163,-0.8631841509467417,0.15345362205394553,-0.18465983217401638,-0.13592586334472034,0.16275529224936136,-0.33387446922087116,-0.34584867937163677,-0.3191847466657288,-0.6231550784855914,-0.3352150427493087,-0.7075303439434356,0.5662968983711829,-0.34381946433748023,-0.2760279949624904,0.5209922652911152,-0.5636568618652905,0.0177040614203563,-0.10122451501876273,0.2996186408009818,0.9132694325327875,-0.3922866933952335,0.5411232336771312,-0.4454838810004321,-0.1015526030016678,-0.47024796922893497,0.37585444521431444,-0.05030358061192031,0.13200211968465259,-0.2681156426614718,0.3518904734934989,-0.2861318781172659,-0.630127352410697,0.011860326769828733,0.07310898821982104,0.015295031872834652,-0.15569495779268183,0.2669608400375818,-0.2893701858668748,-0.1286087392285905,0.18353576781731218,-0.4984551753474965,-0.9736297328645338
0.2617935435156806,0.005902697149684277,0.03856413994339958,-0.3978443694709771,0.02066786636344009,-0.3155536010637049,-0.8367173635854062,0.2629572254215007,-0.18674154722068625,0.012338797219851427,0.2501495285730122,0.008741237732783569,-0.12364960042237116,-0.11771963472260849,-0.06055899752844007,-0.3319672266682079,-0.5988378470010067,0.4283254164428234,-0.7527089364544934,-0.01402516662605402,0.5575353582756626,-0.505499594471652,-0.018081355851501724,-0.2434607797894468,0.3991395541927152,0.8908078014042198,0.2627481455179492,0.645485258474096,0.002329542082506242,-0.34891402074930256,-0.4889549968596363,0.05468481704404349,-0.11419023470775125,0.06823149137276108,-0.10997442237481836,0.3379961858791196,-0.31025374830069163,-0.7539769811067718,-0.01746705389398362,0.26840742258937067,0.008245273713505918,-0.4208641149757506,0.3467189383561444,0.0726283114466546,0.011116330460209767,-0.16114156000025148,0.31153045080673825,-0.967649515802022
0.13617473096295063,0.11926913313810683,0.09926587628286376,-0.3508855464295433,0.12768903989352354,-0.42898179421876015,-0.8759874961646812,0.15953662369201616,-0.18734208207457237,-0.07076186028876263,0.18717771275549633,-0.10023544086542657,0.10823283428300234,0.1014278677216558,0.1984624789530609,-0.2609852419518365,-0.70065990458759,-0.09772241426154182,0.04367529760864697,-0.11260549313967061,0.48331952353355767,-0.5108322770074006,0.04269130756098827,-0.5755916845982468,0.3160119479609931,0.7922399315484712,-0.27893930222596997,0.6946346302438797,0.1887183088994835,-0.39859058995071406,-0.5513599136918343,-0.08912900324750161,-0.2818419823539515,0.10072237504974035,-0.054856193161566646,0.28400650763335933,-0.3195966165289039,-0.8758257274523821,0.006315439277065016,-0.02503195107562195,0.11316471439012665,-0.27525777953326425,0.45945079916519993,-0.38710414646809055,0.06428693676483666,-0.004771708232160887,0.2595523050135842,-0.9783194404287574
0.006756057254557746,0.1736354092044654,0.161317751461308,-0.24063679311536723,0.19716008127788043,-0.43983528409799055,-0.9025305421953878,0.11933159671270643,-0.17081140920407967,-0.16963667770731006,0.1119993216537638,-0.24292350714691557,0.30598475435305783,0.2398696184615885,-0.1833131859547703,-0.2013470761231494,-0.34793402584310285,-0.20161682078539667,-0.2288379096946649,0.08732706802762968,0.4219485475101852,-0.578746381563648,0.03983808912535136,-0.3268144261342507,-0.022920017356487743,0.7887846168498924,-0.07435059634702001,0.6639879315334141,-0.02528802372001593,-0.2951376408691828,-0.5724877599801561,-0.1247992998109102,-0.3402812834222496,0.08513752114427864,-0.05225210270495195,0.2163129737965115,-0.2854244885527164,-0.6995641326936546,-0.02685939508826718,-0.5225002291373755,0.285611867292455,-0.12830674387101193,0.36847110788261217,-0.027040774348432994,0.0008699683679114223,-0.08064713151864145,-0.6112145691562029,-0.950582379466314
-0.09585434789176095,0.176320131838688,0.21091856230660277,-0.1095916332388146,0.21014815001643727,-0.3805590579553104,-0.9078003370714135,0.1262343747146697,-0.15486101596226653,-0.17379040929052614,0.0990214196711674,-0.11925768169746986,0.34419135294602254,0.2252687027823217,-0.21765620247233908,-0.17665323313499393,-0.11641357086122117,-0.3621259729673175,-0.30562087549442907,0.17328416155937187,0.40624898844924195,-0.5911743164972958,-0.02314039383035682,-0.07240811299737615,-0.15803040862399254,0.7998739045523371,-0.19444493920181338,0.6141732296579352,-0.10388905841342333,-0.25973874193562574,-0.5901541319689434,-0.009330116012425504,-0.4329063845511625,0.10704816084653745,-0.033186935879687685,0.26373726054929003,-0.3607970551639098,-0.4364911059232143,-0.05708101152130818,-0.3366981117866994,0.20527128381506388,-0.02718485986513186,0.3743101543715581,-0.2925281483505957,-0.4828240586359104,0.14384736787485664,-0.3053103790461006,-0.8336697287775909
-0.1656029099567885,0.1319929761415395,0.22285507143350003,0.01128182159176716,0.19382423804324866,-0.30917111839966394,-0.9251557774992605,0.031015824396131153,-0.1495736062805556,-0.21714953790590297,0.058151590200960834,-0.012585704722517632,0.2809287755937515,0.11705646353684274,-0.1876306592095538,-0.1429578674243327,-0.09290551259988789,-0.4456772199094412,-0.17872577316053617,0.14315568554322722,0.38747277670454827,-0.5928890339804416,-0.07088018074594316,0.1500152137940125,-0.2058090907021718,0.8287161622788795,-0.020599778118364998,0.5963022637892921,-0.14224000139122184,-0.24960004765732124,-0.5948445359589565,-0.061141241156078996,-0.48812688209634103,0.06172121550038456,-0.03376477891905727,0.3054569641641227,-0.37588493864087436,-0.3095747974609666,-0.07482154278471886,-0.13013354681683265,0.11724284829205733,0.047547238949280146,0.4707823419458803,-0.006672765008292059,0.16257676160203016,-0.3792967492003303,0.2933227646519845,-0.9058671146757016
-0.17525928947308056,0.07470282913851611,0.21428266261264994,0.10324423647294001,0.12765161972194594,-0.21491152967655125,-0.9280169091769104,-0.0791436323353304,-0.14667278490625868,-0.31169559005281666,-0.023092295945665087,-0.014343576059778318,0.17636896609526165,-0.027809576357875843,-0.1889037285077072,-0.10268189449760567,-0.11604954756500663,-0.38353676008289794,-0.22750103002645994,0.14713258884304903,0.376421955526117,-0.5780018731767771,-0.0641827294487336,0.06224956912623103,-0.1465386870593508,0.8129817097152119,0.08999503888759941,0.5553707396546297,-0.23441225508344932,-0.2303222890002964,-0.6112158540538772,-0.10863941481423012,-0.5344485608599097,0.04579870627889382,-0.050945794600159355,0.2531761423553005,-0.29582473769754913,-0.18764495272075887,-0.08629504235487517,-0.34118794646706385,0.18564881300420444,0.022844320619127778,0.4571280661793906,-0.516919455683414,0.014793019615504832,0.3001340936807615,0.3592444263167729,-0.9904672257029966
-0.15338867404654088,0.026069537347869653,0.20377477732464588,0.13863429359487256,-0.002776216868104142,-0.1127804323637096,-0.8817401462371162,-0.07201983216037178,-0.14501447032702697,-0.4014839544445029,-0.11283286825629435,-0.09785618410210839,0.06560875457893989,-0.16471569126264896,-0.13033020354220104,-0.06531015900723336,-0.13729845037589294,-0.36183138341516796,-0.2843222705785118,0.17161151052684587,0.376352912402248,-0.5561900040200696,-0.0717296162466543,-0.05895116048906457,-0.0640782564092659,0.7722287778420025,0.014276551870875398,0.5005535319538776,-0.29189699886496623,-0.22543304167429878,-0.6437645562384151,-0.06264447317802169,-0.5632898209280265,0.06473878160839286,-0.07603247109681854,0.224681498871935,-0.3290756572087403,-0.09510307125605788,-0.08001406309778236,-0.005179984625574341,0.20734525702303985,0.07393898192955395,0.5447114160268058,0.40057130350893866,0.05283936436170755,-0.11958357708454881,-0.02106295052244478,-0.6485553309405878
-0.15634449212729973,-0.030658677402509382,0.19131617016740288,0.11103399062827446,-0.16451105943099975,-0.05967783712843866,-0.7892427542598802,0.07292140694893523,-0.15434017108236497,-0.42293883415478717,-0.16827235655867745,-0.1833174755307848,-0.02344201023587411,-0.26355621762495607,-0.09878428335150347,-0.031659717252823905,-0.21534456214821207,-0.3456490974311348,-0.2818268517243874,0.17484311273129705,0.37300909310081787,-0.5506282744155604,-0.10727906847205504,-0.02794113260946085,-0.0366348353159458,0.7346937226450021,-0.03977281615947181,0.45134825362498154,-0.29723660067349544,-0.22764120884541972,-0.6815869516883493,-0.05485732196420068,-0.5634687694154165,0.06323683803878977,-0.1061656204362802,0.201463219109149,-0.3112807191748195,-0.12169357780823553,-0.07412699422056557,0.03919153727166691,-0.05281568070398179,-0.018767231888199398,0.5204252245009693,-0.2603029114962039,-0.19574345235950497,0.017009048361469326,-0.5524856400796947,-0.8103713880803167
-0.18307077701655028,-0.1177556392323783,0.16623855740035864,0.06031452619896127,-0.28599192931777306,-0.10614460056126174,-0.6999656855848585,0.2117814271635443,-0.18485102702809253,-0.3318890437405394,-0.14840596006800455,-0.12017442792465005,-0.08759498455340864,-0.32916976408252396,-0.19499331531966102,0.0028930841635932403,-0.34351339517086343,-0.3120091186258811,-0.16763405083387883,0.1295604189993591,0.34140451229451685,-0.5606031395420478,-0.0971522449313178,-0.11834239488644649,0.009330218169216753,0.67512800716377,0.03897427246747909,0.4454940747133569,-0.27667742893955327,-0.23146645742652017,-0.7490500273909052,-0.019959565446355132,-0.574754901907333,0.09489014484079639,-0.14233962253977916,0.1860883011383765,-0.2791569289614042,-0.1462103577690934,-0.08953313960951537,-0.033087972190434134,-0.07714111026047266,-0.04333730225409249,0.46001006744903794,-0.24209663229530998,0.07859821317002869,-0.14385105426265965,-0.2752451001375479,-0.6437889437920861
-0.17906800798308464,-0.2205044089707493,0.1331433520684009,0.04465341478941598,-0.31727607997863283,-0.23470244264284712,-0.6617731244834145,0.19589845598092182,-0.22720273474441022,-0.20628564695706297,-0.09469780768791314,0.015858395010936333,-0.1570854266903493,-0.37964719123143786,-0.17430431160193205,0.031165138358647093,-0.3369025464375257,-0.25825653086926426,-0.3074857023423052,0.18336699661864952,0.316759233478179,-0.5533178105856218,-0.08490595712112914,-0.26453322086622755,-0.011832042253932307,0.6113262630435636,-0.0005566754763945969,0.41528906038473634,-0.10733778033737695,-0.28908085067532485,-0.792980074500787,0.16211089369587128,-0.5821106199139353,0.1063712200128808,-0.18042486550574277,0.20064886807452598,-0.38198807366946086,-0.155324816368277,-0.12056668822313776,0.02629725892171053,-0.02766247715913417,-0.16973036779416073,0.5174648053591782,-0.03392986058290959,-0.021493558874258856,0.1681054504421804,0.558556473168758,-0.8109227696270586
-0.1021632646715791,-0.28567231852222663,0.12022188978953285,0.08918698376937773,-0.2815604163696871,-0.3591244466351684,-0.6640714963087093,0.0691213236805659,-0.25428632252824923,-0.15374574783542383,-0.07913721642577887,-0.00015911970157400646,-0.20538766018494448,-0.39440067904916043,-0.040604521262157744,0.06764505006048682,-0.39212537351918786,-0.26932896786979843,-0.22506657679475472,0.12554800582525316,0.29224051569837517,-0.5460502651816763,-0.11539981798184462,-0.16328258453821487,-0.26028905349299314,0.607735906252167,-0.1909838603061743,0.3559019379366264,0.27031304416443036,-0.4019351717836118,-0.7552291554446934,0.29238797243223646,-0.5797892991018773,0.0868256431216059,-0.21666745653758623,0.2263093136646448,-0.36929893279253867,-0.22212550994470048,-0.14954918222843772,0.13831874406985256,-0.12550479811785753,-0.3643360337025675,0.4245004851720764,-0.37850500238956386,-0.21512525476124789,-0.34489560741568426,-0.11530208795687302,-0.964837272285844
0.029281014161722574,-0.26300133943989634,0.1519431350370466,0.1669107643853185,-0.24499079958590797,-0.4078590206629449,-0.6554375077361851,2.8807942777708817e-05,-0.2505152712627514,-0.14696175826284752,-0.08802135546606082,-0.14750836749979512,-0.18271671834654013,-0.35737888158778186,-0.09484408852466253,0.10675278347936246,-0.4555116884591408,-0.15489900120543731,-0.19354055183196772,-0.016313159432161717,0.2746557374548755,-0.5417154360524064,-0.12496044899399572,-0.12009149519763562,-0.5423838273579609,0.6312280670032371,0.037010172227607496,0.321323517630135,0.15315619754472198,-0.33287139783521746,-0.6923680034997677,-0.3288920524418004,-0.5435655318646704,-0.050660286979963165,-0.2418589971927847,0.22576498550040935,-0.38374392781427924,-0.2930534893912161,-0.19279640673982668,0.05747150506938903,-0.15365058453915303,-0.31238591566207063,0.33053333262639994,0.12053500278238394,0.3385736104749413,0.16176208765443456,-0.30261763979850653,-0.9990039559155632
0.13494500075621385,-0.15498124557541337,0.22171429403718212,0.2276359151389522,-0.24567681718687995,-0.3885889245017973,-0.6060233071075545,0.07756872236613632,-0.22625701774635432,-0.09887770988771516,-0.06610564043737421,-0.23921815809688374,-0.10512610771779196,-0.27921897139303653,-0.11934658815296872,0.12379141121958614,-0.3914888021964543,-0.019152955143048822,-0.36540884008261965,-0.14259995185697494,0.29279615444006013,-0.5061786975902314,-0.13652672919347653,-0.2697323706925282,-0.6023835734436399,0.614604170260425,0.008132919318721399,0.2662652154392573,-0.27504542304778723,-0.18634380177175913,-0.7343584828644292,-0.09362114514693476,-0.544189655027802,-0.06253789646959107,-0.27507229104892483,0.13791345750442696,-0.32378179932298123,-0.2377390130013326,-0.24358735459023295,-0.23804601668216274,-0.11171797269267358,-0.43346664557800185,0.36891427578024083,0.03789524039199721,-0.4802345457258208,0.11048181032931259,0.2946320498847972,-0.9897941054348236
0.1461781421221462,-0.020760184797496417,0.2891065104876578,0.24985635995426403,-0.2596898185856753,-0.3620975652394216,-0.546405377945874,0.1867840504146021,-0.2044797837057234,-0.0018311679441619377,-0.005903021381264084,-0.1986637544529165,0.007374268968598718,-0.1770334718357106,-0.12384584343807603,0.1351143527306271,-0.36307318364773067,-0.00946213985477562,-0.23287832814729725,-0.37974268682835954,0.3000709440076361,-0.4814480462872027,-0.18702851643763507,-0.16415340856644645,-0.5461565642732895,0.6131098345898012,-0.22020028660941549,0.22291984333787895,-0.3365644411413151,-0.19861316657450312,-0.7542850568017873,0.1184885231995989,-0.554500379307912,-0.044919764401170514,-0.2867035581550361,0.1888575312988594,-0.31187701739242546,-0.16933035484154724,-0.2865322078120248,-0.0149468043670552,-0.12356242962843311,-0.3037885897430673,0.32159676177801577,-0.47210297724794326,0.41064910764984197,-0.6271862033831237,-0.04324110565951822,-0.9816257534312632
0.07849858862389114,0.08111647389028742,0.31982393204158543,0.25198628786967503,-0.25653798520317084,-0.35051308113369284,-0.5197803398153079,0.17302765223982797,-0.19544020464332423,0.08590228851008286,0.05789410817854379,-0.06381535504762692,0.13523163185181253,-0.07097862502776009,-0.16854176474293858,0.1465542070097634,-0.345726123925682,0.11082605750146013,-0.2439624926834678,-0.5709919641306462,0.29629925531265133,-0.4667269911056907,-0.22350611495860828,0.03287784216212586,-0.48184205288314164,0.6343229290831656,-0.07836438454280426,0.1991285969674299,-0.2911464334660758,-0.23921230592747966,-0.7448828648195684,0.04678069739190782,-0.5416742274175117,-0.026737129879592092,-0.2873855315971464,0.25513135944672793,-0.22949036191032202,-0.19984258520237974,-0.2926158871098088,0.061526725272234684,-0.060286920545853606,-0.2675566595699399,0.32291887570123756,0.18876007551947782,0.019165422228113238,0.790681578483964,-0.10698983379515681,-0.9985482262213744
-0.002574614894075844,0.13369488669749852,0.30924598315594265,0.25136092506772245,-0.2491259334329522,-0.3181517960666348,-0.52918659814183,0.01698327941676303,-0.1912845410099453,0.09125112477593578,0.07407922026017322,0.0369407639642092,0.26157169864749164,0.0319110684899615,-0.11808792471392415,0.16258078339494464,-0.33475577634751286,0.18534986941897302,-0.23497635351034463,-0.7137066907337888,0.28143618201194154,-0.43990929060016926,-0.19597264692229788,-0.07063608391671727,-0.284779874838195,0.6056013503190196,0.019437657451023993,0.19769030575424495,-0.3576205611398414,-0.18029840233633077,-0.7796698313994759,-0.14934655115675066,-0.574542192807387,0.19379743743779376,-0.27086313631426073,0.21983986710264536,0.08695313007353977,-0.1922147846134461,-0.2497644875132573,-0.1976594395835103,-0.05797967427053141,-0.27059484236236697,0.3721642680218542,-0.1811253441010382,-0.4770362153995391,-0.7434301481405179,-0.2574849074146812,-0.9676408201790626
-0.05587273450157726,0.14979525735132548,0.2709661814722677,0.23430265297821662,-0.28138210022913956,-0.2283426495418036,-0.5370431804192468,-0.16189865481672705,-0.18188503593046135,-0.004100002250844281,0.02013633053738495,-0.0011929134802879382,0.36504661652308323,0.10316689235539256,-0.10503124226353677,0.18698925577099068,-0.21885649060185985,0.11343936205004823,-0.19433043904758773,-0.7509521357315946,0.2486539163255077,-0.4324544953475291,-0.13856736681870852,-0.2554654484566846,0.0077174772618211485,0.5361962057773297,-0.009403215868935777,0.2143729653425479,-0.49891858846808,-0.033167952683788915,-0.8693705670340781,-0.14805156153895116,-0.5966370253110407,0.38076488884418147,-0.31142964898012904,0.4053025138397457,-0.30269442921596346,-0.11846920815132755,-0.24637140758746756,-0.0604546202601427,-0.1352642978183206,-0.06909419257933747,0.29606261680869106,-0.531892482041977,0.4001020450942989,0.3301777714639864,-0.10615809474691429,-0.8904015539868739
-0.09751982041148921,0.1350233924525266,0.21975489792747105,0.16687496250890765,-0.38480704481246875,-0.09660969166170519,-0.49627260160431297,-0.19865177146154855,-0.16959511280702755,-0.12465813607875631,-0.06501475591377848,-0.12871875018378265,0.4009207460454949,0.10701665244977332,-0.08919819757110892,0.20356922316112436,-0.014320761155307782,-0.01673013125639189,-0.3190462272263228,-0.6268867853739326,0.22588472708019025,-0.4537539563831322,-0.12970205318545214,-0.1747475515273561,0.20672702828656897,0.4849953122707651,-0.11222780718046765,0.20798029216828406,-0.28260748843641526,-0.01365898132067711,-0.9255634119626098,0.25272914484385023,-0.5534456274230131,0.29919203357099833,-0.3981229690716759,0.5186197293814574,-0.464446105380496,-0.09521420510321854,-0.3027206463794354,-0.04568660280107484,-0.13236542452730382,-0.15109033665453142,0.05130204722668985,-0.3123506290876775,-0.6255572663211583,-0.015587168602830603,0.13249947257085615,-0.7913536654125866
-0.17435959473494322,0.06131135955657108,0.15473147213500527,0.03588088228759401,-0.5279914636927057,-0.004126605462620669,-0.40191687101097173,-0.051197302908636666,-0.17002436668653842,-0.18312118667881316,-0.12676947736780986,-0.24977831924276672,0.3665912213159406,0.06010078220012405,-0.028343379319566764,0.21027705571863264,0.058740534109253506,-0.16536044673487937,-0.3517997554434167,-0.48829652423906056,0.20761751342553603,-0.4965644475802392,-0.14346195591648758,0.011250243437054941,0.2688641579992932,0.4521811700944909,-0.0031132437035115146,0.23003463199099783,0.03844715050753367,-0.07285312309998326,-0.9105309333842094,-0.04432733845785042,-0.46486483836171066,0.03924950929581472,-0.44521003771982415,0.5622354052800873,-0.45722686395115497,-0.0916926433979085,-0.3853166665685128,0.004175956057564489,-0.1553946020978222,-0.3218256214861137,-0.2999883141796442,-0.7452947939173208,-0.3231663148969576,-0.2788990043522037,-0.04797631004938252,-0.3035964108420981
-0.27469695284020124,-0.0994514513212934,0.06710101904976495,-0.11420311514691484,-0.6229889299414304,-0.033290887114897916,-0.306366493318451,0.12979640191726438,-0.1975142546502039,-0.1264179527806777,-0.11897645597565176,-0.2343624158058717,0.291707060003356,-0.01074225420585373,-0.10457388664457035,0.2182423410889629,-0.004007090041692418,-0.27159834619017953,-0.22627154546787898,-0.4017349840080192,0.1609288617528004,-0.5597932387218669,-0.09652380044454312,-0.023140115938462436,0.29837309972061976,0.38776974000933806,0.0673534065214163,0.27577873175505685,0.05930068829913093,-0.05617233434206348,-0.9496257348994184,-0.15666001501577698,-0.41378694453471543,-0.11100630980223913,-0.48800197204337836,0.51140142887546,-0.3601225719078821,-0.1672593986521248,-0.41283656255018797,0.17778996251937995,-0.11888969362222013,-0.41412031346816514,-0.5865714181304931,-0.5870347135192491,-0.10137068416733908,0.1938420160179961,-0.42122544573596843,-0.5810737394755789
-0.2914675992367687,-0.306733351117489,-0.035248075764500064,-0.20151764435875863,-0.592392160377339,-0.18473553952939958,-0.28039396119384585,0.10160459630915253,-0.2467630756689393,0.014543312313862078,-0.04338144025946389,-0.015190133741473488,0.15369930199785564,-0.13769736985061976,-0.2931917612746272,0.23352406768130063,-0.01027946735230656,-0.35482667051168315,-0.11884023639723995,-0.2898345909651221,0.08394085816393337,-0.6280589964872187,-0.005356992332160471,-0.1726458436736562,0.3438916168001882,0.31472809671984714,0.0014584130387951255,0.3230439457889187,0.04072637201091833,-0.05893648068739332,-1.0,-0.05194354567760817,-0.4244774203571784,-0.08958664017035045,-0.5100514470085333,0.44984415628417174,-0.21924748349745227,-0.26392345630968506,-0.3838922494568685,0.013664805578448735,-0.023323778415149876,-0.5405969116716112,-0.6456420387134849,0.10699327944768067,-0.23908201891751624,0.031380472462314346,0.33360211273491647,-0.4741452449665684
-0.15677411905570648,-0.4549150421129079,-0.1032958304946564,-0.19021861427434594,-0.45970786830015975,-0.35019362164916346,-0.3155043386498968,-0.10672382093404653,-0.27945949680465043,0.06210168290581697,-0.017391174449397973,0.038810055106546226,-0.0518283882749605,-0.29369961671099876,-0.07770001401290938,0.24225381919133326,0.08099988702903782,-0.347896904697774,-0.4911583520177394,-0.007410450929494217,0.0655358032069755,-0.6498094913275944,-0.029635526651298316,0.024047636468974787,0.1850306428927757,0.31980766550496,-0.11086008844931161,0.2846755621052697,0.26530590683328037,-0.16019987108322253,-0.95466981843744,0.2121636600236425,-0.42316684231536217,-0.02491133972128301,-0.4948700009906726,0.45465911140752135,-0.29857809601794305,-0.2543744743358317,-0.3962794592127037,-0.037655022502651736,-0.04649803837359845,-0.747769672496995,-0.8916063358108738,-1.0,-0.43707642810870173,-0.27641819824583624,-0.10286413281438067,-0.7746185437716908
0.07652416569937492,-0.4524434044272311,-0.08670470289227239,-0.12290471757466614,-0.32294039719261214,-0.42321258483686386,-0.32627872281479087,-0.1991657984697135,-0.264593018704568,0.001916626759847384,-0.06095429048675871,-0.2438211602554312,-0.18045546432557524,-0.37078873305773297,0.05973655478247952,0.2777325627274705,-0.21642554782368495,-0.39367044249215266,-0.13663963394634815,-0.06531408371210079,0.031037065316791068,-0.6786283179877562,-0.04783820446969478,0.21529544362702313,-0.06466701878083436,0.3605170320848117,-0.058100522330325144,0.2890680486402575,0.43212515578111965,-0.20733876613249713,-0.8665939450318093,-0.1079002574970429,-0.41653558846420147,-0.04158941983512421,-0.48755712488862846,0.46407873369672514,-0.28938866332627045,-0.22785630031585513,-0.41598477661098443,-0.08466026983321628,-0.0016335160740247323,-0.6108881649823151,-1.0,0.21578954267403017,0.45035310685787167,0.1565012350805961,-0.2950993123023934,-0.8430017132353508
0.286338287579996,-0.288734026190138,0.008790973558837845,-0.06557652794094437,-0.23071267080627056,-0.4179564220016523,-0.2712185799524647,-0.04948892186366327,-0.21874172040290785,0.04866586733308442,-0.028827361269170404,-0.4142349560448071,-0.18628833707520387,-0.3684111951312572,-0.280187548916649,0.3054897306972941,-0.34498209804678426,-0.1987596879509398,-0.20923216958283708,-0.07306183117741916,0.0019069718015292114,-0.7058275471420299,0.02969735788278971,-0.08523538138383191,-0.1559792211448655,0.3457903223185732,0.23137222955229286,0.3028163850501089,0.04947480803889204,-0.06691252596272734,-0.85185529404599,-0.376522663055476,-0.40808718444571024,-0.07413960994574276,-0.5156774827737636,0.40028813859683443,-0.29860764520886807,-0.21956467067767738,-0.4156973186631724,0.0025392675153519395,0.029279470257239426,-0.5391424443224027,-0.8804515063292908,-0.17843279245460109,-0.6598568356889967,0.1759843061179629,0.3243197910625977,-0.9557048919005608
0.35396181931525184,-0.0433011968592002,0.1297591605784152,-0.043695436693974465,-0.14028741928108557,-0.4231394748549713,-0.2006210159020796,0.16572535537979927,-0.17569825284442675,0.23260311381660959,0.10592032441981991,-0.28682263979526645,-0.19446622575808703,-0.3490647910427591,-0.2043852868067899,0.29603955654546943,-0.1807409267773359,-0.18887042229024165,-0.5535299217782412,0.05200383728956792,0.028813361812173532,-0.6718463194248844,0.015869268903480283,-0.32660519766579854,-0.08198935846849953,0.30961027640997196,-0.06628780860855343,0.2710897024092047,-0.23113909146346123,-0.014834105245347229,-0.8771714178252682,-0.012342501917929627,-0.4334698278230438,-0.06488827776847983,-0.5105497989214376,0.3511551435434659,-0.346800736592206,-0.25598150822266386,-0.4073704899719123,0.07449394631523854,0.03908043531605454,-0.5451221750688193,-0.8592485374597132,-0.166896605648708,0.5502035632565163,-0.5922611427462312,0.002080837427748783,-0.9625665289266816
0.2511241697865989,0.17304240412527605,0.2242028771588931,-0.0249543692629427,0.008262609569635648,-0.4735995817573283,-0.18501514361692772,0.23232302937617888,-0.14370581132995885,0.36469745158444855,0.21867033750942144,-0.20310045284868106,-0.20970447799459158,-0.3121712308888237,0.022016700777580223,0.30598903791286025,-0.2096727856752577,-0.3960255576179944,-0.23604267692071323,-0.03885233733214244,0.022322772378287503,-0.6601586434917879,-0.07110252529875583,-0.06768108784191729,-0.06610914976249405,0.33384135553615835,-0.21247717004184674,0.29379236937588904,-0.2050960524255705,-0.0901738088603149,-0.8615002211133055,0.04459257084332635,-0.44540823285105746,-0.09038877713596183,-0.47858108164876945,0.36765255665510366,-0.28526370337034923,-0.2813891395777559,-0.40761492414542355,-0.03865873314686319,0.04195644708538504,-0.49497464691829507,-0.8420930963572689,-0.20272573560923446,-0.22117503120386084,0.7814700834292077,-0.1528145877223347,-0.9466693491345978
0.07927494592936779,0.30838869738543173,0.27949117564249426,0.034128813541479674,0.19841554385649074,-0.49963635549342444,-0.23130132159642236,0.13517015407323751,-0.10975351301782743,0.4180337651098589,0.29505437678022495,-0.1666278954429241,-0.14963371258535996,-0.22074560983114278,-0.15053755550885128,0.3370236261436679,-0.42552932884406325,-0.22199815798112799,-0.08845954220615415,-0.17149405750554325,-0.024661200298414787,-0.6925326876361458,-0.10277717831235955,0.3327835437487847,-0.15573970690286698,0.3908828327549414,-0.24024633072254886,0.24955548003699346,-0.17374891556682381,-0.12699253811337108,-0.8034546305700432,-0.011309532249891396,-0.46372361192521916,-0.09037030514170197,-0.4803440779032051,0.4584007954077458,-0.28653632798282747,-0.32495863005264936,-0.38736791829105555,0.11756740564279844,0.02398782864258342,-0.31842722678901003,-0.8605022501247707,0.21116366965963906,-0.20315211480466489,-0.7997026351524077,-0.17092196872534549,-0.9693538579020584
-0.04383915157320406,0.37965922019296694,0.2937549047663368,0.12779095817814978,0.36668393727691506,-0.42440725408514746,-0.3175350508393866,-0.10199349540358782,-0.06571244945331767,0.4256517896109182,0.35941643558213987,-0.013418651714380836,-0.016851970923818516,-0.07609123675978813,-0.3436450293666181,0.3639058060795146,-0.6214652084520964,0.06174297823695718,-0.15209102453723788,-0.2396091944713019,-0.0783205376784406,-0.691289426175618,-0.028443098526702237,0.22271875860926404,-0.10620352258901,0.4002906780560542,0.09705088484577629,0.244778124168598,-0.14372294680965103,-0.15116239726344505,-0.7891004186932075,0.012573262542566743,-0.5152249822882919,-0.009136637337212927,-0.47309523497334316,0.4854430821988105,-0.18459995665619544,-0.37618383630267294,-0.346451673581741,-0.052887263452540356,0.0519440232057935,-0.3465977901571107,-0.859322094972407,-0.574046682288541,0.3912865769167675,0.368769657375716,-0.0796103488483475,-0.8662466944281018
-0.08735856514983176,0.425259782959613,0.2675891502554042,0.19557682126279907,0.4429332707975908,-0.22045400813123195,-0.40464639670082725,-0.4041689537129164,-0.008526439326124957,0.3027715676441416,0.34110551606596795,0.05803469780876869,0.07733613231474168,0.02520281400453217,-0.29359563629424856,0.3881447909573297,-0.45633655246487637,-0.009393869175344127,-0.2572975190680088,-0.15720221656621747,-0.11671381482115273,-0.6288589093204546,0.10453103907926242,-0.5380314160384752,0.033751503959669193,0.3114596922818238,0.27154743119944236,0.28507209140510703,0.1445293685567497,-0.29518916753397095,-0.7998460769650275,0.3203447178475649,-0.5841377328130755,0.03911434328839469,-0.4764807619950664,0.5302241340266285,-0.4547853655913102,-0.3492515068344544,-0.3623296391751354,-0.07308955022800523,0.04745185312434441,-0.5205263501574577,-0.8531129888174392,0.030449127659514907,-0.42866248015694586,0.029925411560821846,0.24201834484416507,-0.9672578175132612
-0.11398747702499124,0.4536920843756753,0.21550093351739363,0.15594705193648095,0.36555451555826646,0.0799242691799611,-0.4163367563962257,-0.5165845444059612,0.05756238982038564,0.05476632129971404,0.2190538802719908,-0.12948635499822603,0.055454290470591694,0.009584696792594327,-0.13417882331234865,0.41112886259420467,-0.08777411928515988,-0.3280419450722356,-0.31515251222335483,-0.018376800008410354,-0.12430285816315623,-0.5870516519211573,0.04986845193747813,-0.49982948742924194,-0.1726848923539852,0.30312931419140177,-0.44492351250015316,0.18136552976927867,0.2275847505765256,-0.30931336567745427,-0.668009234316766,-0.2637336894906225,-0.5948369105627338,-0.0748148210878069,-0.4747208527067214,0.48783707106596674,-0.29611239070608997,-0.3337383790081997,-0.3777518676719982,-0.06154068835773574,0.05691709154927871,-0.28887929678046687,-0.7349908398107716,0.02253665348152767,0.39850453064482094,-0.4217197953110935,0.05018356492627807,-0.9681890792066508
-0.20284321415785456,0.41696898845840824,0.13212918651534622,-0.02921481027662287,0.16307137986875309,0.34532776514080354,-0.3281877345503246,-0.3315949744863351,0.1020401468135399,-0.12302041733767033,0.117071280469776,-0.2925855004908646,-0.049273915059642515,-0.10545189060315285,-0.2425599357797259,0.43270952479143143,-0.054130475547347956,-0.4288319954453593,-0.13423635562749814,-0.08445914768342089,-0.13248548160197038,-0.6008107948502149,-0.09996224994351588,0.22046061025550978,-0.4769922362021628,0.4123983899550636,-0.22788823842485562,0.14371178565523435,-0.0976338803830844,-0.16902385246796048,-0.6148636770426053,-0.04931179759218962,-0.5572923000470086,-0.019909419265209283,-0.5213255949925097,0.5555819585867476,-0.3202768331035384,-0.2587916066421396,-0.37961500517602953,-0.13978268420950724,0.06689283748250352,-0.2854227243808598,-0.7964338926356578,-0.5083839321737882,-0.5461095850589617,0.4671768765782145,-0.45461212827311503,-0.5092336646299805
-0.38015032402272464,0.23850531871022307,0.0003275965331275277,-0.31100179497897107,-0.04088536523059538,0.425368985821285,-0.20283931546678868,-0.014321289683659089,0.09615364251205571,-0.15292272710336585,0.09916395970997982,-0.2586109451895964,-0.15339206706622288,-0.19028481934361108,-0.18394834377888758,0.4197866873308562,-0.21683799064740628,-0.08786289198527997,-0.5613371220702275,-0.0735581405060387,-0.08772668319167787,-0.5608117490296325,-0.18229747707552535,0.352486152636188,-0.493864985020365,0.42295647824623117,0.2091317773819097,0.10287222892727521,-0.11431145384205588,-0.1768851482662943,-0.585030727384013,0.07755845354920887,-0.5330208224153069,-0.0358496615555457,-0.5333802736204007,0.5358610324639976,-0.33035925282361744,-0.23985214958693257,-0.3984481498555331,0.10253878354989432,0.08655326142848341,-0.5511790507674141,-0.8574513344466513,0.11203478937646638,0.17661335227787478,-0.5510705565728561,0.050980632031626616,0.19451377337269826
-0.5613801054908683,-0.10865999734056708,-0.17400250379356508,-0.565731999289523,-0.11928356809542418,0.27956641489501677,-0.12872351904610013,0.1847245202892045,0.04493122354612611,-0.13190175349520616,0.11768837008135491,-0.16868305855112242,-0.14869268438326344,-0.13073019513444817,0.017007835241460212,0.41353029181552214,-0.5603644700564926,-0.03905669068502671,-0.27908389893356045,-0.2831417941389681,-0.09631213137418804,-0.510160144623572,-0.14130575459229555,-0.16997989720479767,-0.3603095394081456,0.2943111968906218,0.204017557367822,0.14698220056524613,0.07104588488935693,-0.24422148798269405,-0.6396557081151055,0.08838468148309797,-0.5666848630483085,0.0015472653690526972,-0.5332748946834305,0.45862301930840843,-0.2585625624373322,-0.3054271073760838,-0.3763211629880808,0.04103544281097382,0.11055115126904602,-0.8343609548002263,-0.779649504892674,-0.5266414941766294,-0.10301528780270097,0.5685235034943519,0.4729568827335848,0.6783410016211406
-0.5825530565522405,-0.5347578506378731,-0.3412982374301473,-0.6731791595763508,-0.03967337785708325,0.012542919034919109,-0.13924009671853876,0.16036144366187388,-0.01632091590351281,-0.14164127160618256,0.1306269511852125,-0.10682603727908702,-0.061648274821385685,-0.00952164120542387,-0.09651178708177377,0.41511835144643405,-0.5217852177397346,-0.07584627020512558,-0.22879963082333832,-0.36351221507133225,-0.14758971981465818,-0.5003878216370785,-0.07019755304235076,-0.6220980484170476,-0.39019480900388903,0.15695761546644582,0.07694611714359878,0.17781161149881042,0.12098767203457017,-0.23727757907013025,-0.6911872943362405,0.056840279551906514,-0.5559502286963363,0.046419153231708865,-0.5622651625388182,0.4115766510202947,-0.26118390565458394,-0.2474346385593399,-0.37025607234473645,-0.2452448049348256,0.14826382902856583,-0.9364044388712898,-0.8404979655159882,0.09842580925317002,-0.2621547334897343,-0.4488262740056842,-0.31098006563915714,-0.6047376915927358
-0.3244418584220461,-0.8507699538021972,-0.433868468675489,-0.602659604020926,0.1278451783273511,-0.221431935472572,-0.20174827283821817,-0.03998214594673022,-0.0517852898652047,-0.18302022677890173,0.14204144291965037,0.015535765194630846,-0.029810810756096817,0.00929020672735259,-0.26302358028739037,0.41276967110421037,-0.28342907576729226,-0.23395540275376026,-0.15895553444712762,-0.41539806757095776,-0.19852391355475252,-0.5010708965966024,-0.09121138089631065,-0.5188712476656445,-0.4777187317335798,0.1241126552957017,-0.3170655404703151,0.16454863249506446,-0.10487313187357084,-0.1322773498101948,-0.6803795772526442,-0.1851150550632923,-0.5118110728362376,-0.05021493762097606,-0.6011269256937158,0.5336107018990455,-0.4710211702221677,-0.21067181447400485,-0.35588747385768893,0.09288019182723928,0.1057180093631167,-0.5956073444851223,-0.771201068419864,-0.14575347340443434,0.3367218517483175,0.13407753084118434,-0.26799148415487994,-0.7706264623221621
0.12164904371930474,-0.9001367981484029,-0.4044691075261927,-0.44246107882839336,0.2580736311145384,-0.3171296943999552,-0.23300787351260388,-0.19724388614536525,-0.036801816803135545,-0.33917393309938204,0.08339968364083195,-0.06964641478680711,-0.025958714545157635,-0.018053701316063542,-0.062266475044416625,0.3923305150944014,-0.2141431809497839,-0.10292593299106312,-0.5859121056804452,-0.3368759860496281,-0.1605419267882081,-0.46891732585890533,-0.30796704170692324,0.44817893392202524,-0.5904121189244669,0.25823413975475984,-0.45473244709089267,0.04789812458790288,-0.5251405380275876,0.02763777405127743,-0.6080064183055771,-0.21357594110374378,-0.43596886222626996,-0.1252956665000492,-0.5821673742559907,0.5316292571426582,-0.18595314734808477,-0.29576997211632616,-0.30297822887990555,0.1571704884817693,0.07962379480569437,-0.30872794236997525,-0.9310176210804255,-0.14596768062255905,-0.35393638522360515,0.01994473740640701,0.24202141222387397,-0.9315033921822792
0.5364236032034699,-0.6582125762285389,-0.25849307541019195,-0.31542091699563246,0.2625330330721909,-0.28646695343546713,-0.16011939093597716,-0.09184476195658953,0.01565056189974845,-0.5010326166577987,0.014400455459790518,-0.28147880758368515,0.08372781441539812,0.018463568410800324,-0.038915871160586035,0.3946577614605866,-0.6101175079482068,-0.08405073858815071,-0.13686737936926707,-0.5565916380569472,-0.16025470066204428,-0.41482070469779775,-0.3066177623111245,0.2549209767022067,-0.20598483204193763,0.26224851684779615,0.5405610813863457,0.19852546145780692,-0.42792139990447386,-0.06843758446972326,-0.6895840156740636,0.4152683875410834,-0.4739735936848182,0.09615670503621643,-0.5437030143056254,0.5163886340003709,-0.07948556429893316,-0.321903883202302,-0.2564268758536784,-0.12167850310535377,0.09798397617239574,-0.4920120697629393,-0.8767747980531311,-0.3221858825401632,0.2162266357533884,-0.26083470621021965,-0.009034346029662133,-0.9385310365558059
0.7245256947216343,-0.2426456193934834,-0.06403628986458232,-0.2805724349805092,0.1719107272670053,-0.25036722568517733,-0.011363343271116988,0.1839373182906623,0.05854541199924479,-0.500128418991443,0.05003580675811281,-0.23476521940720918,0.26464801285557393,0.09150600646873142,-0.2824390918562226,0.37947612906799066,-0.5583510568112175,-0.008543507936272232,-0.4030509634647951,-0.43606391599419614,-0.1552565106917415,-0.36678306072833755,-0.23196284984946014,-0.33988450777722634,0.03951769786403636,0.16221289025002572,-0.15611703192959703,0.11224766714113454,0.0864087853668476,-0.2298168616649433,-0.5981492151553529,0.05549477740647202,-0.5543252611441323,0.09419750346119904,-0.5442075015958444,0.6804201189857602,-0.4128924801950714,-0.2912239099185693,-0.2632752615702708,-0.0975750574092712,0.0375728991221147,-0.24977307458338194,-0.861542128786727,0.1259303777687697,-0.16874402304579572,0.4443466396355187,-0.3866292673150017,-0.921463900220098
0.6188614601630797,0.1635233317811613,0.10041916394568773,-0.30068667962179696,0.08739852059444941,-0.3061854135898462,0.11754340580166467,0.3522102720685425,0.061515117194201,-0.4101786619882176,0.14527256388852372,0.01712824145086911,0.36040334856811596,0.12267726906778775,-0.056090884180801104,0.34744635020582093,-0.3361366487224795,-0.29204193359996267,-0.4574290942731184,-0.2793880558887205,-0.13821303929891293,-0.3288508648987528,-0.3210514533510048,-0.12439987548792075,-0.09650433213758913,0.20277338585028137,-0.10784601923192749,0.11834147951067742,0.12547113192068715,-0.19838085453091647,-0.5347378368416434,-0.06463982210051633,-0.49952721770189823,-0.03523198002399053,-0.5648438149140488,0.7063975897588972,-0.3917953916498017,-0.25596654348296,-0.29647117909999576,-0.007850014166929542,-0.010812463000712702,-0.32781026246001355,-0.8374984037606734,-0.34903119557023443,-0.10684177129245043,-0.6095558768380782,-0.009181407541556275,-0.8845035500868871
0.31091707798113233,0.42087608717270975,0.1979681417466994,-0.2877016002399132,0.07541128660200735,-0.43681035240260047,0.16364223575316306,0.26794668664784926,0.035457835157135076,-0.41538993212935116,0.17601234737977878,0.09893581608594704,0.36207890111158036,0.0889697475779263,0.06065100640594867,0.341770283123221,-0.2925144768658645,-0.5413053163370547,-0.11836676476141328,-0.3166276290821448,-0.1635064896063494,-0.3191701899552756,-0.33092996580604217,-0.0978931567425444,-0.1537202012986163,0.20994815602075168,0.04515450438955049,0.17081340752110785,0.0037406828816459736,-0.14852069018267977,-0.5191736241083199,-0.08376213209963512,-0.46376610518139894,-0.10614266872233691,-0.600963875019894,0.6390619052586717,-0.31841075422144594,-0.28176153994048014,-0.3010268193553145,0.04731004958350593,0.021919369316668602,-0.45139776144749877,-0.6794949594451984,0.028699965188864862,0.2606194314201402,0.5228875253763967,0.5388990040210497,-0.8015591647221738
-0.014191134490443291,0.505692057251184,0.24837265092619099,-0.18468667471541644,0.10424580594455013,-0.5378057132662037,0.15457877595965197,0.05664104215705623,0.008556138432283866,-0.4856165007732641,0.16217438926270988,0.07093356409413865,0.3281565679931473,0.02076142608168996,-0.1216583965334247,0.33536299822322624,-0.205671322244678,-0.5086018873565618,-0.12251795563977308,-0.32267744827025613,-0.19771809200862,-0.34292045223345125,-0.3143844844717987,0.005725618428713997,-0.21580495807407607,0.21192986792243262,-0.15460028217465305,0.12433660995235152,-0.09904652182595186,-0.12299329519683067,-0.4753384103417496,-0.026831929993417325,-0.4463694782798714,-0.13411732225660955,-0.6430449663458873,0.6068059231442011,-0.3101273181041453,-0.289882922963965,-0.2937600780952945,-0.09713676843381513,0.03637148743983243,-0.4161686353942685,-0.7172578544346118,-0.2862667491903842,-0.47867358237545765,-0.4708335859369466,-0.373077789026524,-0.7810295894262805
-0.24442647800084139,0.4626594384531926,0.274815516055783,-0.00880205524685651,0.11438909561895505,-0.5449171364298369,0.1382494665979319,-0.1399187441420856,-0.004026240781696111,-0.5731535714427147,0.13125960943799164,0.021025657446932078,0.25201830188905294,-0.07654327551456919,-0.1911803221348225,0.3037677080878012,-0.1011899826065269,-0.4366455882715975,-0.26692703025076414,-0.3075149892766954,-0.20306719628916348,-0.34509997664252745,-0.31414543668493344,0.05009855689074416,-0.17479750693729146,0.2169374915271305,0.10820747188591873,0.12819458071717404,-0.21065605972592716,-0.14181872694974085,-0.4539139916396713,-0.07488804528269588,-0.41489781900699885,-0.1860302466116195,-0.6370726652766433,0.5651439366588187,-0.31868613626474385,-0.2896600877871782,-0.2979361529510669,0.04896393516793318,0.03288827558064722,-0.42559200530201613,-0.6725127779638596,0.09575358607859452,0.5076238746827337,0.20112937010950827,-0.2438643167336758,-0.9286694096087028
-0.3708024948287971,0.3437575860412332,0.2889638847398177,0.1812312571491992,0.06898495923746184,-0.46787822098237164,0.1525794981242239,-0.2210011492022993,-0.0020232176833798743,-0.6704207617165364,0.07926002767658802,-0.10895778724023353,0.12465088507968214,-0.211745374115348,-0.1739910908745913,0.25684780878933666,0.027378844041191064,-0.5001245870051305,-0.28829247050205964,-0.3034162761785606,-0.19335906726461383,-0.3209782725671304,-0.29154985807456324,-0.27926661911284834,0.053163985842841655,0.14749739586996258,0.17559047528470928,0.1609980997831837,-0.3521896783083497,-0.18354718974467876,-0.48750168029079444,-0.16732230443953167,-0.42152902529730507,-0.22634039739763656,-0.6018968149532458,0.45903952237896184,-0.3043413112398051,-0.3064555773492731,-0.29690398604191437,-0.07349103592146988,0.05257074125515415,-0.3159331028797643,-0.5453020427038777,-0.21206223829277504,-0.43369367951265014,0.07814441336055933,0.29850832680224837,-0.9333915281312296
-0.43132200742196025,0.18116317907990398,0.29726979625731853,0.33501334814575223,-0.0319744447362732,-0.3642836617620969,0.21900441423389694,-0.12122418247849986,0.003927783665121698,-0.7083200343794889,0.047539368268913806,-0.2508863996253369,-0.0517440610613733,-0.38521084944185113,-0.18287883547993566,0.19462180031493026,0.18814467472588592,-0.6010442706444192,-0.34523240085057993,-0.25747213203739616,-0.1711142649963293,-0.31411004333823145,-0.35420636231070934,-0.25628736119185835,0.20551947715442864,0.0986568130456702,-0.14188593080455458,0.13437090880487745,-0.4511785232007226,-0.22938717308603374,-0.5154692087493498,-0.11462397119753354,-0.4366393736562889,-0.21937224849446402,-0.5615116358782146,0.39998666513135483,-0.28542063475101864,-0.29275439581642504,-0.2925450033113546,-0.023641048403163056,0.053170303860681,-0.10568631421201524,-0.6092016487339976,-0.3437275908922418,0.14270241093271285,-0.36334587558482245,-0.011310050193884091,-0.5335916855615308
-0.4624299198248214,-0.017106757113036664,0.2944389748204679,0.440764317229017,-0.14044563616035832,-0.30902798210014315,0.31536072496776035,0.09057323970952136,-0.0008300304640431744,-0.6277806457671505,0.08155147537178742,-0.28689364950833307,-0.2356310332256727,-0.5450070086420539,-0.16427794531952022,0.12007069930011305,0.10065122062468679,-0.5481830606510822,-0.37288932487493665,-0.25992273393625087,-0.14328959584322953,-0.32451362184061416,-0.48679302893045495,0.18863696777342653,0.24431175297977026,0.1180493957062827,-0.15038784949046569,0.10598241951444431,-0.430400628113937,-0.2882868813293614,-0.5265712697284719,-0.0771318764274882,-0.43604020750916783,-0.1996796947984989,-0.5120806229962234,0.4317756297364088,-0.2885364355093192,-0.3100172502770382,-0.2788501658860495,0.07162408895024641,0.044459703645252535,0.02727270136349147,-0.6476203116264287,-0.014570370811012978,-0.2684064442470119,0.47238696170306094,-0.40343670848944335,-0.3492049532639909
-0.4436683307744148,-0.2323256395170873,0.2711630000940517,0.5292334027044383,-0.19094619969673576,-0.33538936325178437,0.38333453251638705,0.21314700131905862,-0.02118748076821486,-0.4466243284079211,0.18523047511444402,-0.1655443449351982,-0.34219600041420595,-0.6132980590627086,-0.21652635468870374,0.05361038169350785,-0.27487449788052387,-0.33696601505844115,-0.22873064738945081,-0.3661890910960043,-0.14957586349459817,-0.33053832736151234,-0.505373770299229,0.21180366861398925,0.33778498354211983,0.09968217432329962,0.09821812006922648,0.12670616367387733,-0.25815033471939786,-0.36038253160865596,-0.572030235554858,-0.010643128822800274,-0.4763156508626223,-0.12075520519542282,-0.475627565924152,0.45234962438017456,-0.23359858310433268,-0.3356805798389224,-0.24588080010928193,-0.04007658005285453,0.06461447889041838,0.05957076511799175,-0.5789283639455787,0.12509918561916877,0.1886339049216923,-0.5802434590760255,0.05755310154785831,-0.7035515888582983
-0.31420294869217347,-0.3985165222368051,0.23826644069915948,0.6329174849214128,-0.1697393425364514,-0.38868609886024463,0.38948010510080455,0.11327845345585374,-0.041398343034933505,-0.26213626850341853,0.3051317276689385,0.020902964186654938,-0.36013361318462445,-0.5857400054248958,-0.2493982629523417,-0.0021320060738019286,-0.49292595150671004,-0.14500713730913817,-0.258810051270724,-0.38064770571139883,-0.17359181094717901,-0.31295718922429294,-0.41823538430767027,-0.24874896371817723,0.33130866601028863,0.03661411708567619,0.12283531386147795,0.13093099092823857,0.21358919348419692,-0.4709665712447082,-0.5988006076401453,0.2927700167789935,-0.5533658932272693,0.14166188852593287,-0.4577012015660845,0.42748372323858264,-0.050221914924369004,-0.2988398191792774,-0.19640001386603878,-0.16419030469420304,0.09589337032784817,-0.20422880957110523,-0.5982316003102524,-0.6096456359853397,-0.13000956176351863,0.5510321092721626,0.4345717407538905,-0.8237488134921286
-0.07404851169731785,-0.4315270264879354,0.22688299236583087,0.7312150631260712,-0.1421618880889337,-0.3692872901850126,0.3717971885577216,-0.09575791355369956,-0.03516277532207568,-0.1844445001546332,0.3616217991872084,0.038930335358136725,-0.33888092542897563,-0.5121797561761998,-0.1018978538321843,-0.046833040245712554,-0.4720111991537702,-0.1474809387144369,-0.31494163374712814,-0.3551672099742841,-0.18103562239473447,-0.2863569549850098,-0.384441687622299,-0.44655297171744335,0.0017986070757833872,0.04612892310767691,-0.1533837151361942,0.08326743276661475,0.5984365559403555,-0.4382336410566282,-0.508883711430754,-0.03200034892162895,-0.5696013114099634,0.3251447643409944,-0.4666052725449028,0.5810345239402845,-0.22830908978299636,-0.2415898456787403,-0.15884265426296584,-0.04283982482435145,0.09056610181965108,-0.0960851991339754,-0.6235425548058414,0.25675040086607015,-0.13989245221185354,-0.48537754282903955,-0.2958771779121675,-0.9421160047486008
0.1830126242900001,-0.29724119258236237,0.25210598661481254,0.7562682100017861,-0.184654786198994,-0.24366836533641123,0.39677852533439095,-0.1936425993733868,0.001773778050384811,-0.1746384284199738,0.3683205105874394,-0.10635841932007906,-0.3047792321093322,-0.44905225921295255,-0.10503449969501322,-0.07419091456873006,-0.4177884825455793,-0.21288366203711617,-0.14406058236909802,-0.4689276084548236,-0.18447310942277828,-0.28382616388169035,-0.3771002720192166,-0.38104473087904234,-0.356263555554435,0.12868224853560584,-0.10512866472665539,0.08144616337642074,0.24806937810623664,-0.12044969674887662,-0.4429265838031128,-0.4332094045771677,-0.48393821218005395,0.15094866886651293,-0.5627886599146552,0.769683031059315,-0.6256757427350385,-0.2315010192338839,-0.1531371765948507,0.026554106908500685,0.10991889701751223,0.14942826891686778,-0.5753740291721379,-0.2942949826361104,0.23981432912918899,0.166408776100462,-0.25325078918376265,-0.9626772004916188
0.33814479287770105,-0.04509571244948307,0.2877538905985253,0.6559294454124576,-0.29918462793070955,-0.08694032934553597,0.4751622208962645,-0.14333256912372594,0.041302455540033645,-0.09730510270897341,0.4143409030265821,-0.12212632833169357,-0.288892749774207,-0.432831368575871,-0.2838802980787508,-0.1042751426849492,-0.3241411436297895,-0.11171310875606355,-0.1775149502251111,-0.5918620442215399,-0.16865233844967598,-0.2894513736917502,-0.3675588952925727,-0.25419640500282137,-0.43041657056887284,0.2143207612216007,-0.19007338390883843,0.05869065213181357,-0.2664772401748393,0.1427913864509367,-0.423675995741048,-0.1229752345149222,-0.4050341512948654,-0.08390364663928251,-0.6628509282843063,0.720977818296215,-0.4144731181032555,-0.2598531228671398,-0.13877326940313373,-0.04318785877985021,0.07224178646270984,0.12873891641204516,-0.6568072625881309,-0.07259482584874422,-0.327706375034567,0.011351856954839867,0.2850508577083666,-0.9523807923965472
0.32871198167868143,0.22025974292890282,0.2871260392031223,0.44292074103107115,-0.41346007101295756,-0.0004658306170439719,0.5488463101454029,-0.1222812550415,0.055193876727301916,0.03438905274925963,0.4968047121039696,0.03650928324478353,-0.3141703598863721,-0.44900420307275335,-0.27324450349263973,-0.1378013296667936,-0.2836363257198442,0.006123175304469708,-0.2391745121688087,-0.6971987546192056,-0.1406649338051933,-0.2794384848244924,-0.36917915272048496,-0.10905338285006294,-0.2621245694075489,0.28866610223491485,-0.13000305765365383,0.07394221610027807,-0.37075285684821957,0.126743747003756,-0.3861763583173051,0.11441752928108628,-0.3648824762092532,-0.1726893868878311,-0.6663809001410304,0.7114882649991072,-0.2714414395806265,-0.3202647654397225,-0.10622894241136349,0.1165890257944806,0.11115382473821178,0.10174782454002806,-0.5527797501079346,-0.2149963925369761,0.23709668802083717,-0.37321421197976956,-0.018431371230943183,-0.9522029273814692
0.1858252395024229,0.4068497891301388,0.2313193513829741,0.18228054242237457,-0.4682899574140865,-0.0033009785570801142,0.5719544684443238,-0.23910010538463566,0.045409261244262256,0.09175756785047451,0.5311061229800464,0.10866951832831662,-0.3465235355598133,-0.4510438598849841,-0.15367013642861083,-0.15439430594828185,-0.33675805313194473,0.07691555713529374,-0.16992862661555808,-0.7937886642703968,-0.13377549619065865,-0.26853534200143026,-0.3299304777570867,-0.16745834763987932,-0.029541437545242077,0.3081434028688994,-0.05214517701200161,0.11688352589917561,-0.24781302666627147,-0.00413788876426191,-0.3505815729993986,0.090950458373803,-0.359644226489108,-0.18115895750589028,-0.6313087824822514,0.6785350601785982,-0.22197397930615625,-0.42452494325904955,-0.06420775735141993,0.08962475756565902,0.04189657865198404,0.01726145278846225,-0.550990617072377,-0.29642323206086696,-0.19855015478924698,0.3963313526316625,-0.432088815413046,-0.7610968500698713
0.0010502036739328258,0.4812225646287649,0.14017270210956978,-0.06279161986541504,-0.46709589445694677,-0.03977570350557036,0.5580551878819544,-0.40619059590844253,0.03112805706820798,0.06143819068256873,0.5060212243607609,0.02663576554911362,-0.34080792158153383,-0.4141083136620005,-0.18929252638452077,-0.15760449513762176,-0.3838935553812387,0.13845773931457428,-0.09373135708827607,-0.8424407084024329,-0.15774323542934232,-0.28846580050099446,-0.26866519124345123,-0.24324670363499312,0.11738925737267136,0.29036059904582423,-0.17165079622885215,0.13020248256832767,-0.17684184180026685,-0.08180634063462555,-0.33105756711090006,-0.036778941116703545,-0.37108658254353155,-0.14062443118959755,-0.609591780476213,0.6214123291589482,-0.20573445736546048,-0.4679564132829984,-0.025598199790208942,-0.07375986022055336,0.12881415062581758,0.05792207706384578,-0.5391750124821216,-0.01912537320695895,-0.1998156649625974,-0.394293044900638,0.0253166062918877,-0.5544928011111425
-0.15568752159319021,0.4527965846485722,0.03828177299242075,-0.26615085538763794,-0.4366190862624947,-0.06641273217225618,0.5379961627311611,-0.5109562156227442,0.02328781876687036,0.012829076063344269,0.4660920006553033,-0.08697806358048199,-0.29787811181091184,-0.3441951294917249,-0.28406220716585284,-0.172932287007462,-0.38510589600221634,0.23424527655747562,-0.21592711904363637,-0.7872814326811575,-0.17966737658892795,-0.3255161365009126,-0.24864225241968874,-0.12219592896859999,0.16479992064758564,0.28127370345125513,-0.22604513192148945,0.11860750092989214,-0.15607487515897078,-0.10523317164198542,-0.3345955200864804,-0.024256236711909462,-0.36627116812797933,-0.07213520593695011,-0.59757114920297,0.5859173170491656,-0.23519323410974802,-0.42607413569464125,0.002020698072550564,-0.13407717656370643,0.11683726295025187,0.05527429911561543,-0.5322326563128437,-0.30778886061954736,-0.09079218840921777,0.1664281810362327,0.18573105792141642,-0.5194415354731021
-0.26542806755346704,0.3411226730160326,-0.06275338512015927,-0.42825739239363814,-0.3884535511002649,-0.0826769007713053,0.5253095931089495,-0.519612506895975,0.02222731009052792,-0.02714102703392174,0.4277447487233996,-0.1932213249351883,-0.22451533743159968,-0.2384445042857699,-0.26881123273073904,-0.20603269510087308,-0.4267585236794448,0.27274760856034286,-0.32991798927937255,-0.6970862644393045,-0.19062198833760646,-0.3514132042094663,-0.2451276044494366,-0.07337718801450532,0.20705317031596238,0.2537740065359473,-0.08513452157456491,0.1388842330386162,-0.013744008608140734,-0.1552704284281473,-0.37036655190886314,0.05807013805367078,-0.35401448923963597,-0.01842501386390427,-0.5779488530393233,0.5513244216871613,-0.28255800262926145,-0.396089297462101,0.0182471154471453,-0.018301988199474706,0.10435336865358802,0.039597874622293805,-0.5521990220524712,-0.08989358916258794,0.10620747951100928,-0.2967505442821997,-0.1239091315938029,-0.5031570052037375
-0.34008003618936034,0.1608313514876194,-0.15385502049037847,-0.5529513731340558,-0.322273282618425,-0.10426382543867363,0.5274531891423777,-0.41028671756042023,0.026987415859922148,-0.06345601501357312,0.38484117837954224,-0.3452107314968208,-0.11503989858337271,-0.08587010956305219,-0.15488938608998604,-0.2548840500975744,-0.4269890000102907,0.2068274858398942,-0.464770147434977,-0.5529012992818239,-0.189227321076463,-0.36385185269989273,-0.24475956926596298,-0.2183142740461319,0.20640459433853153,0.18273943722157449,0.02690533625207525,0.1728549271226698,0.1821686495062369,-0.20485018292192192,-0.42488796938921025,0.0038262686175218885,-0.33653850775000094,-0.008752938898314633,-0.5488412212776699,0.46624958019769847,-0.29771959146076066,-0.39330428554791597,0.014640437868385536,-0.035363653155567,0.008104911547476723,-0.15573338138385429,-0.6720068048341137,-0.1996045045514271,-0.18593674602390886,0.3775785015115116,0.2429024468913612,-0.18552961383331323
-0.4095131270906671,-0.08799430003902775,-0.2226594440123567,-0.6367964157587844,-0.23242086668880546,-0.1486697173962156,0.5559664501862005,-0.12586854091386168,0.037416304982993864,-0.07890471119042897,0.3456125647909185,-0.5696575676247099,0.03888342115193466,0.13016311295649108,0.07196433897528953,-0.32486606228604176,-0.3622770535997898,0.03768300251354506,-0.6487687520437733,-0.37095443683331164,-0.16494827666363143,-0.37548827693770714,-0.3101331979678593,-0.2337564761957478,0.05064265116329625,0.10838390726575398,-0.006047414446218036,0.1859998452847702,0.31543190551717015,-0.19935686969463184,-0.49408859738239297,-0.014553748098546149,-0.3003143461244201,0.004266410374477836,-0.5129160101757064,0.35241681880243614,-0.2714913976409409,-0.35774469619110993,-0.022986400496636916,-0.05687736428753054,-0.09735387603231238,-0.2731073918978383,-0.756958848015605,0.019927803161381874,-0.10878550752191574,-0.4306828319790428,-0.2367035157326529,-0.007862226549831597
-0.480314731373532,-0.41282830202582144,-0.26878149352678027,-0.6556851210277874,-0.08842020071283074,-0.2431487262320654,0.59399415859402,0.2863553301950479,0.04701085733736421,-0.013204614442992146,0.3558820176241204,-0.7282470769639218,0.2548676233117191,0.4092703707544103,0.1759782927985698,-0.40573691005017776,-0.38193595314576745,-0.19243094809636507,-0.5471941762136227,-0.3297088122285309,-0.15558087901878037,-0.41269772759240464,-0.3920619716806313,-0.12861772022608253,-0.18481577408213623,0.04651046173631013,0.05510089751568703,0.23381475956109576,0.37852373249450033,-0.13849108009580735,-0.5924088180446099,-0.01688280769494499,-0.25786680205574797,0.024218769864314815,-0.4855278248681353,0.3025486063904894,-0.27015885867479505,-0.32266146309996857,-0.05428491910757949,-0.012924201409877156,-0.014031766970545756,-0.25755244827602275,-0.7590152917334356,-0.28403019309208977,0.2802601338945818,0.20972999283420335,-0.295842693791151,0.6723726422263006
-0.44422360926367455,-0.7618324641464234,-0.3099827684791375,-0.5559468641153624,0.16371614528454526,-0.39463873606236055,0.5613039753309592,0.48552844878414114,0.04361064106077217,0.1918796817761772,0.47900508871199454,-0.45457710930083806,0.4693885367477286,0.6305070082625801,-0.21472475074264208,-0.4744209632620956,-0.39455091252293195,-0.40394737992116436,-0.11046251000093665,-0.4473588427367934,-0.2196985554038583,-0.48609396928763415,-0.3548497219529605,-0.22491044794261783,-0.29646515912579674,-0.011552989888469978,0.04262239097062159,0.32442362285660487,0.30091966867878917,-0.006595747260242479,-0.7023120309819935,-0.10263950818121004,-0.2759734911854348,0.06299706973272645,-0.49206402262658167,0.3628096780826693,-0.23363335020545828,-0.3543163732672665,-0.017682745060076055,-0.008707673373733127,-0.03210355038643842,-0.08096453903953638,-0.7943339949622445,0.01426187245062338,-0.2749945042105807,0.048524374541308646,0.32025657834677435,-0.5029989029681126
-0.16772324136739292,-0.9827767403761292,-0.3345459122583616,-0.3222347794379765,0.49800263551153456,-0.505241330257025,0.4134582135376601,0.20548327836679192,0.045801331950064306,0.33543840720808427,0.5931394292341905,0.05949343865672163,0.5197510215012526,0.659716301722846,-0.3091197037259179,-0.5474113574486164,-0.053992596311270735,-0.46907963943947073,-0.4716286255599068,-0.23934068410376141,-0.2360875140066646,-0.49890145478653003,-0.3699759535316932,-0.08358094484562195,-0.3408586011532032,0.02781950109164133,-0.06919224429334592,0.32229450703571527,0.051863583470081354,0.17131523837053186,-0.7256997214989358,-0.1394107555374815,-0.3035348912438087,0.09232329653173865,-0.47301827452566636,0.4520568917139851,-0.2110352241873703,-0.3777249263241813,0.03291097823482514,-0.049798490848656285,0.006553540422112647,0.08808713309169303,-0.8951821606380305,-0.5348143217566046,0.012985534926590825,-0.3469525202128604,-0.04848553397124222,-0.7944129436719284
0.30977803763572265,-0.9093994479064537,-0.2859238613057079,-0.055278918661410215,0.7483247385018956,-0.41739152354577036,0.25898624619174404,-0.2511340952085106,0.09839652467310955,0.15296831738982486,0.49506041713608084,0.09053939165215397,0.4094827945951962,0.528488966978828,0.13463450953939393,-0.5813866178392568,0.08041947641665326,-0.7550977168963613,-0.3794834986878073,-0.11026862754012356,-0.2121997344638542,-0.45006631171533185,-0.4463902604918041,0.14293897885294227,-0.27514557869141654,0.1389848831264262,0.07425738821020467,0.3630605990173428,0.05866340479181309,0.20691306209361837,-0.7058560654931725,0.23827862763211005,-0.3457402887460722,0.13701298305452592,-0.4404947812500376,0.522792398635793,-0.2627334928952617,-0.3732862553889924,0.04994220741615485,-0.05526576998919919,-0.04162608894389541,0.09727073359505956,-0.801922687005747,0.20164334187064847,0.16370590484436098,0.4030498125840736,-0.37201321852753444,-0.9064007097209356
0.7860970025220502,-0.4899616074970329,-0.14406087263080247,0.07984606341452061,0.7606604239197208,-0.12221381625814565,0.2447215172164603,-0.4130882712374283,0.19426927865019472,-0.13853462344118772,0.30428488139589827,-0.1729405407666692,0.2657383687917645,0.2789211792313575,-0.18784141667970922,-0.5528768081913735,-0.03926484802889807,-0.9292164726998566,0.23290499771148387,-0.19250818509463086,-0.24380419041762358,-0.4649900690967965,-0.3982542837321227,0.09940745821339925,-0.15926568996681045,0.24133551310997725,-0.006368320425075957,0.3809935604522443,0.1666046016945837,0.20533216182870317,-0.5790648831074219,-0.03433924491000928,-0.4295399666575934,0.07824100792392552,-0.4708260954443202,0.6088527315066596,-0.26197958211751204,-0.43248592413823705,0.045390465698766924,-0.026318409265511322,-0.2928363889560115,0.3516123709289287,-0.7541359595273435,-0.2717106097756412,-0.3114388370305037,-0.3820500737395983,0.027600163066998418,-0.8983019227010502
1.0,0.14208858426506876,0.031206568001588497,-0.023357186042250677,0.5571689406452411,0.18323487992858345,0.3836758510393805,-0.21684902929501682,0.26812554155712576,-0.217079609322,0.2333176179462244,-0.09885751934823839,0.03182854236493893,-0.07591935067827849,-0.47901537996436694,-0.560467938407825,0.12920010454235298,-0.6571412147671296,-0.442662199727636,0.13650774361627604,-0.17911042049439652,-0.4517094414220323,-0.44158872713683606,0.31304704544042194,-0.16915759291143118,0.4020971150336077,-0.0763637497264068,0.24810309314917234,0.03449391925006484,0.25659034659824065,-0.3803833600562615,-0.06231541983731437,-0.4644261111745084,-0.05218994302347546,-0.5123271490696657,0.6656794047109915,-0.4000444415805159,-0.44299836779772417,-0.026051117020969405,-0.09157337177013625,-0.26323070916649693,0.31540275673593654,-0.8085258521073975,-0.21547694789843508,0.21366725436265188,0.10548190456497974,0.1947356394488282,-0.9145113544084932
0.7911172643416475,0.7165195919466079,0.14146491402319383,-0.3186003399691951,0.32430771400085434,0.27261457770313813,0.5457234440714887,0.0018700125743640328,0.2697553074893446,-0.18308716481699916,0.2210419943489843,0.10830893105327721,-0.2725601181390701,-0.4103101440444322,-0.09423771753433052,-0.5639786566985073,-0.12628738850163013,-0.670764095707072,-0.28085661384374394,0.1823963565195168,-0.10945285180382103,-0.3938014818558174,-0.49996306880457275,0.34113046225704413,-0.021303450476280572,0.5143438070615156,0.0776408488704774,0.2520209077392026,-0.04074789741383944,0.2305754101020392,-0.2702579850612824,-0.08059459669977076,-0.5150469329277052,-0.10576180575288896,-0.5024337691699658,0.523101323933401,-0.17915494036058266,-0.4295530504566275,-0.09596242992510395,-0.11644387202754214,-0.26775769279504213,-0.020227848541374494,-0.5472120708211599,-0.08570545920994188,-0.41584171317684926,0.026807871430733377,-0.16017098522978834,-0.8633415658484942
0.24838742572205774,1.0,0.15200317562917154,-0.6316318409369879,0.2194716889506343,0.11127899785427409,0.6312611353172677,0.07155484310823379,0.21081350553885403,-0.20758416184491102,0.1605695543435579,0.04563489538250054,-0.48652719555339363,-0.5848209780864266,0.05247660705582069,-0.5360599210464739,-0.4336422174550586,-0.5622415749593889,-0.13860318823381468,0.19060455373141139,-0.09885099618181958,-0.38046965209251826,-0.429275405183843,-0.09185098578162743,0.1582348695851099,0.47957251452485905,0.2605829537621982,0.2837547592036591,-0.17739051173109122,0.2156383787748375,-0.2620637657935937,-0.1179690720615254,-0.5412360192067494,-0.03605984265255502,-0.5195029791467805,0.28310537913760325,-0.10824774547077975,-0.3673233209811533,-0.15660828393701742,-0.1800708928736362,-0.07976819762912979,-0.35171844832651045,-0.3124259811339726,-0.2620950803759815,0.17175235617964568,-0.23006440201570044,-0.06854093425272956,-0.7171879066809459
-0.3702473484923986,0.9156027700166018,0.10182290162198404,-0.7888681788220266,0.2766908739677314,-0.17274463879270952,0.6352931942924069,0.08796055489893884,0.13313990449005675,-0.22413760248841874,0.10667189968335022,-0.11957751812667894,-0.5542997019067362,-0.5645469151355393,0.002245903331266952,-0.5219001802486729,-0.5907761105802306,-0.41084138717678975,-0.22279213495725947,0.2382972735657647,-0.11716365523505845,-0.41929734299795773,-0.3766644830971989,-0.2952656375095313,0.15743740792438943,0.3938605933675541,-0.16910826597169115,0.22591936957517045,-0.144605597459333,0.18589855704946712,-0.2867515220676369,0.0915075446518765,-0.5356947976509696,0.09100558940741998,-0.5559441415883288,0.13119647903278775,-0.1372185623341,-0.310149475730109,-0.18926891802686963,-0.06350121063832348,-0.04788311596310335,-0.5101043872427516,-0.256690529804518,-0.002942244721133469,-0.04970299329842287,0.32935715820924405,0.20426991939910355,-0.43046950237518966
-0.8335778657016166,0.5245136415732365,0.030856857369747193,-0.7082484623963088,0.4725590458889888,-0.4484634393190806,0.5644754475622888,0.06873657571111447,0.07110250007430663,-0.2142508109778819,0.0813788125421715,-0.2564807871836129,-0.48680397649778206,-0.38317260412461807,-0.07886574788852774,-0.5378091638585148,-0.7108009979853941,-0.2936468649363724,-0.29810708026796917,0.23484732611140746,-0.14575152737991504,-0.48139540502264333,-0.37221708345127713,-0.1802716653037323,0.01052646702997051,0.3475558195647457,-0.04751948384941729,0.23169092673865044,-0.05801587724294288,0.1645691521171131,-0.3307959776710616,0.02413994432260491,-0.461259317250145,0.12912926584345974,-0.5570485892409003,0.09952840954628339,-0.19277294820369273,-0.3362985650917645,-0.20369334182702103,0.13470436612948866,0.01495203128845124,-0.5413940348483922,-0.2739066488612545,-0.2627801845190757,-0.3103719198971524,-0.4346890186364064,-0.2962438024227346,0.2654965388456205
-1.0,-0.01401162177814741,-0.02300514558221789,-0.4095907520809422,0.7279334751648914,-0.6017428979949202,0.45050638788663755,0.03273690503222504,0.050016404824766214,-0.21366391500782644,0.063919578391888,-0.36408682210920607,-0.3122426203444352,-0.09520915848680411,-0.1252735227968299,-0.580306910885503,-0.7750795353241429,-0.20657290940497952,-0.42981058196964417,0.21489027790938997,-0.16378109793992157,-0.517343070385872,-0.34498321142405675,-0.27935568588708126,-0.11681209876605236,0.28577561874694446,0.031231851677805178,0.24675026324618354,0.042249221471180265,0.15465337526810474,-0.4059672076254889,0.08631162438645279,-0.40055807186448655,0.11993658691956921,-0.5394625765455006,0.12523885025303527,-0.2875907836400151,-0.32892800981327364,-0.2104268701172778,-0.16311952576292565,0.1303860671639725,-0.5346036978868571,-0.4915019794179961,-0.34866949408147874,0.22416200831805022,0.1935135698456194,-0.3228088881712916,-0.34323659386915106
-0.8657014576708223,-0.5183743377126462,-0.0286668478920874,0.0004449544021754015,0.9297938803484647,-0.5679593356561717,0.3572117630208067,0.08255058101975243,0.07993665865576571,-0.24181330157140268,0.034538918616964676,-0.48296086906854196,-0.07621666072130096,0.23967538066650618,-0.04560693960079987,-0.641082966794379,-0.6854872261906417,-0.285178129257452,-0.581241314759374,0.22204553087325807,-0.15364812070657674,-0.5179612616303007,-0.35215231212541165,-0.39229905269445775,-0.2654374573894913,0.24748957478534672,0.05865148298827849,0.2691401871891381,0.11896862212581283,0.1482984576386388,-0.4642780512053466,0.0296087133310432,-0.32145254614185426,0.039985899692251525,-0.4936824059814723,0.1676945896738209,-0.2925013615789688,-0.19263519239194027,-0.23726091736629096,-0.24487080651946613,0.1540600314871987,-0.2837425337916162,-0.5499373552282287,0.21549621241956984,0.09774268660629937,-0.01893625435912727,0.33668703594189675,0.32707735962151907
-0.5447564854617278,-0.8648947200337403,0.015152915297954594,0.38417389591323436,1.0,-0.37739281786357015,0.33241790353129175,0.28035190433586576,0.14407615836620957,-0.25070173768920956,0.01702405133959961,-0.537727069346623,0.15098713459002377,0.5317913800281902,-0.0023439710877571907,-0.698731795837456,-0.5379965161771577,-0.5338168666324129,-0.4972001666610303,0.17138165897899937,-0.13755419490787502,-0.5066150908631097,-0.3917307857259662,-0.39297721509718053,-0.4007903985276472,0.25433828585285423,0.028284653580592733,0.310988739341133,0.03656798493490232,0.1906096270077844,-0.5115661897475388,-0.05844680549821302,-0.2423744762375153,-0.028916762811140972,-0.44369200045186785,0.26382557503733683,-0.2606716983618069,-0.13997655846322177,-0.2322561573922033,0.07815768509645382,0.031687524909734366,0.008054180972057567,-0.687161865063419,-0.7281130871284884,-0.4057853264930479,-0.08436864660297827,-0.04114787496419181,-0.2607072268729532
-0.1499108249257607,-1.0,0.07175651976508801,0.6471541358849147,0.9465660686070014,-0.1372565173442748,0.3501074421785477,0.4491845054103518,0.20327965306977336,-0.15939803208042624,0.07064535647307446,-0.27171615714323827,0.27655415394113514,0.665444593575699,-0.22779561934396642,-0.7298141888041565,-0.40832252523286794,-0.767285824161698,-0.19940688619803626,0.05259280650468723,-0.15242612404692513,-0.5072529566931521,-0.4122626556336372,-0.23710788119722515,-0.45677098119174986,0.32601622311823997,-0.10627891455352856,0.3515392764253864,-0.1133564906398179,0.2530179568865387,-0.5229221108018272,0.001650564246927111,-0.2256332374400909,-0.019580479980608523,-0.4132758157371992,0.4604997946242888,-0.19797444566398714,-0.2762825995993303,-0.15065170507628678,0.22828965386060385,0.061192253190015755,0.28600771137390724,-0.7457285229656394,0.17379098750770816,-0.06116449004642166,0.07271558688417423,-0.6524856894309474,-0.6552908814337975
0.2255994958244345,-0.920963523752196,0.11335598188345508,0.7488224295620853,0.8057295896914554,0.07550823629536141,0.36872597055791445,0.4209670934009049,0.2388361810452606,-0.08552258211529118,0.11782072041363856,0.11278098279858573,0.21660183696768476,0.6180334782256194,-0.07129761673756918,-0.7477379269951361,-0.17968715270400692,-0.7903155828131154,-0.5506865796642109,0.18862348161235598,-0.1101800500393545,-0.4442197078112726,-0.4844528150607291,0.047183122207980155,-0.4744931805811422,0.46618495895698997,0.08308298178424645,0.3519143766154178,-0.15117026438337067,0.2409729300150394,-0.45181878234624506,0.16272537908327367,-0.2215805062881162,-0.0009270895236864751,-0.3538988233631104,0.6193130998385923,-0.18377532589073264,-0.36641167112077877,-0.09287041634654869,-0.009843556542080023,0.10055958456848901,0.18756885853940064,-0.6357308585280869,0.03912175575391985,-0.17249244247874007,-0.02518721763634446,0.21548676065492178,-0.7626818249820109
0.5145123920515509,-0.6589966335713044,0.13795693813156884,0.6849940980623463,0.5929556306061583,0.24360164879649093,0.38806090159449913,0.23405696121025277,0.2555963526489671,-0.14231635399472276,0.0753271179238224,0.27466678346764684,0.04382903562084306,0.4619414691192185,0.11936992514411204,-0.6947006875334762,-0.33853064746444517,-1.0,0.04741496227430653,0.031745177853901074,-0.12490790682371733,-0.379609898410203,-0.457528378929856,-0.031871730028585676,-0.3419879086289236,0.5647948452179898,0.08157114134253662,0.41715822711527095,-0.0914427789926332,0.19148042716249392,-0.3695787124929052,0.054812968065313994,-0.28695899552243054,0.0010751553764580812,-0.3288283250908868,0.7483654026980555,-0.23424192517642184,-0.39982069391718755,-0.04642309809430145,-0.05117004591247998,0.0963459690088504,0.26260394466968906,-0.5631511800749103,-0.5875434684527736,0.07416950176045334,-0.14176146100835596,0.7024589725059724,-0.8116539924668237
0.6608068482274481,-0.2786905445231893,0.15686701588264196,0.46941641992486227,0.31187594641846306,0.3607214389012383,0.4404785828565694,0.07665109041258589,0.2579719322892886,-0.25302544068895816,-0.01164983548932419,0.24981004082648717,-0.16315330584472354,0.25893499707350087,-0.03336821649603483,-0.6123153010501187,-0.33288630385589124,-0.8360421004004752,-0.11366795721214418,0.11495132947289588,-0.1348187004847301,-0.3450285989244659,-0.4152409831359952,-0.02235293515850445,-0.3279969379189033,0.6605975568871401,0.0039298568111478804,0.3640803074115142,-0.20131287849408985,0.19981882437138987,-0.23915348418986415,0.022884338040401353,-0.30811903109250693,-0.05223657191523057,-0.3606241558943618,0.7539614651138151,-0.24724213622264735,-0.4117917169563262,-0.028362496814618887,-0.047627195995291305,0.09140425234269478,0.3286633739896301,-0.47868098703829953,0.478519517057576,0.5791309068894652,0.11815442445797508,-0.0661539331468658,-0.8666459025730546
0.6195537520327874,0.1145683737616181,0.1643909275665516,0.14233530228987434,0.010587401248670636,0.3795779010334739,0.5220469951532216,0.020420065532013698,0.2366347108402469,-0.2919179315197685,-0.05768035053309928,0.2606460975039093,-0.39455727036564914,0.05492962503280663,-0.0625202886711127,-0.5273419532943957,-0.45228184831505314,-0.727127298917128,-0.06226571176157636,0.12191286280722946,-0.14353629736539608,-0.3081600352152848,-0.39558817786234546,0.013923292727835879,-0.25747404859333745,0.734578615288771,-0.052067698098876236,0.3390303375170929,-0.2722110849147882,0.1675366808078429,-0.1408810004420058,0.059807442632137775,-0.33827684895072363,-0.040094443702788474,-0.3753428399429023,0.7037236895670678,-0.17751478628386308,-0.4276884560316805,-0.009575950506614084,-0.058351465125299984,0.07492527449516095,0.26517869554286766,-0.3435633935011918,-0.5244385887882395,-0.6803682454091831,0.0374537282503804,-0.8804770090394476,-0.8658593439508206
0.3967419602460249,0.3999432287696678,0.13865097636151802,-0.21302257813360737,-0.2160945903090543,0.2532224088780335,0.5744228799854072,-0.0490535232639554,0.1875495016602431,-0.2894202536568383,-0.07566191295348568,0.2497976667916515,-0.5841116518694819,-0.07745252653256163,-0.11706411720142307,-0.4404147587629593,-0.6480681280279199,-0.5142948473022122,-0.08174003219873827,0.12016826318399532,-0.1648539945457954,-0.28777878411320756,-0.36546344952289966,0.04081841293722199,-0.2127622833486591,0.7699384881017377,-0.08557271621976492,0.3062868718652645,-0.2440529099684131,0.10578483515975612,-0.06660517713869718,0.11413304141265113,-0.3626859721926766,0.02555881003718885,-0.38922513300504236,0.6489299181055714,-0.1809288267842012,-0.4383633600550624,0.003239221873126752,-0.04822715104594799,0.08761767553888089,0.1403543778990084,-0.32364167385360465,-0.18051147719191285,-0.1342254806178047,-0.24107129729156662,-0.4755003916155184,-0.8532744059950786
0.09086000171371,0.5126546710299023,0.08733478913706372,-0.49481038011070355,-0.3197081856753621,0.025509516557133072,0.567730061507637,-0.16448604293688984,0.12867435506612335,-0.27747866975241653,-0.07935088402256096,0.17980921973362363,-0.6748219839730458,-0.07944684492769694,-0.13757360480419323,-0.3633250419079541,-0.8583942843233443,-0.27972130825930475,-0.1523798942594471,0.10848821462251479,-0.19565362999496405,-0.27338286226187913,-0.3177488732955591,-0.045587293993002764,-0.21817721707920334,0.7554097769606032,-0.048176373189778965,0.28521153978384084,-0.10983779144317984,0.018249260944169565,-0.028478440714272857,0.16790059123936896,-0.3628637551124395,0.04583013270909797,-0.40386725197604534,0.5987819407328863,-0.30329299545243016,-0.43158874805385083,-0.008907322980146515,-0.07438573360615297,0.09622399503360768,0.04513055133109867,-0.20126881653747264,-0.3197721188332264,0.17802356152755805,0.01271737125700323,0.4501953808465249,-0.535054131241061
-0.17539767864953515,0.46256434353909603,0.031738047400776015,-0.6362784360281457,-0.305796708948989,-0.21673808154155727,0.5009977898562035,-0.3121019230154797,0.0836403655183584,-0.27391414517032486,-0.07566666442555459,0.05927334351851665,-0.6451845480620075,0.04508008888053694,-0.23908895778965045,-0.2987222683871962,-1.0,-0.13792680616576725,-0.1217199425547113,0.04490652803946249,-0.24635301350692207,-0.27124223771491296,-0.24627425394084068,-0.2526885628287391,-0.2848931630293863,0.6982941256111412,-0.09759772547738599,0.27787199710430555,0.03800296561367511,-0.057398176918354915,-0.02082536050062722,0.12537716339420735,-0.35157178150155277,0.03995218710944859,-0.4120765715877057,0.49966094738892175,-0.2713849130395354,-0.41932256835022486,-0.02102966029188258,-0.09638638358245377,0.10285540790190795,-0.008517544560170731,0.22467391131284953,1.0,0.5699781089595619,-0.010661940318134833,0.8092542901966897,-0.7171879066809459
-0.3200565304281804,0.31557319279953244,-0.0032626800134916145,-0.6322559170262556,-0.2250531901869065,-0.38989691894856504,0.40156761053276324,-0.43046012191468686,0.0702210836782422,-0.28138652419908194,-0.06697504570467072,-0.07689671543780252,-0.5421699349929853,0.2332725549357726,-0.32423254361473186,-0.2638587163426743,-0.9109728133848809,-0.06460976063890822,-0.3186904070292489,0.052020388435627396,-0.2759697741765912,-0.26194999520004547,-0.22211350846602707,-0.35609291679414434,-0.4317628649898223,0.6489676663424655,-0.1299410778406499,0.2583840688851251,0.06883833317560484,-0.08319255367571954,-0.02406589010374316,0.0698145985129337,-0.3145045245695778,0.04752214092394502,-0.39666533186803377,0.43518797792978514,-0.2966686988341649,-0.37939514011704367,-0.03822988287976492,-0.1152305274573463,0.08794379102449379,0.015539613605600522,0.6049485463316702,-0.007151294260094199,0.157434221251737,-0.21658301809131308,-0.3915855519586544,-0.7857805616068088
-0.34861343326842464,0.14197030467631055,-0.0008239863171299877,-0.5323612333984875,-0.13986301562771342,-0.45838472523938567,0.3117887845301843,-0.4217962187626463,0.09365061280160392,-0.3063977673894598,-0.06565720093399419,-0.26059641554607227,-0.4288120289886276,0.42212713926443635,-0.23746067583570163,-0.2592753487686852,-0.703137153147293,-0.17122811942549443,-0.46164853625162416,0.04458298717706044,-0.26938188858670353,-0.2262773029492755,-0.26410724240621397,-0.4112966408901142,-0.5250092525006955,0.6049438437372447,-0.032418790483699333,0.2771276928411017,-0.017565709079470526,-0.07521510593292013,-0.05993308422463939,0.006622528222929525,-0.2640072865269272,0.045925145170963244,-0.3472309509009368,0.362588676593498,-0.2883119715308684,-0.31953842778050157,-0.06411066648140296,-0.12893121351883796,0.09574207533478685,0.07262400403107483,0.884702513698389,0.593777676266293,0.23003550949270646,0.2513488289959023,-0.47062087737141756,-0.7156226945482593
-0.3322932055103667,-0.028866133758781,0.0384797682069391,-0.40031162492925343,-0.08435459072271445,-0.45144387550265586,0.2629954477492005,-0.21167389969982642,0.14340176856995002,-0.31698121548707303,-0.05847230941441195,-0.47883682494194135,-0.3168357524823089,0.5917307438849171,-0.12925000850765245,-0.2775609401291169,-0.4878916918588816,-0.3423372293324103,-0.5309621623004406,-0.010803806734421717,-0.23650394745126369,-0.18774714084099597,-0.3675956670117906,-0.32109987240389604,-0.581091412849769,0.5699500331966794,-0.08852248116134454,0.28320875444397764,-0.08341058524183975,-0.0753426406053509,-0.10381892087619438,0.0752758923309389,-0.21433764989401405,0.020134239742656934,-0.2930805306145545,0.3533984109589716,-0.36878432570288155,-0.2497157833005702,-0.10036311952836341,-0.11866128559171996,0.08163588287450985,0.18902001245218814,0.9759275616195227,-0.5524126973964606,-0.5659081596558758,-0.258672279092941,0.04082042231997085,-0.13205153263319058
-0.31213140887102653,-0.19937039554650904,0.09083090623206869,-0.263106390776467,-0.03545100624688213,-0.44081058776498894,0.23319633695931352,0.08880888630443207,0.19420409228267,-0.2241583010783661,0.01930205279493169,-0.49107777992827184,-0.21249285252717875,0.7162261219426225,-0.22191789635178905,-0.30554209119046616,-0.37869035913370497,-0.491114717301367,-0.3589787704478169,-0.19068750081215202,-0.22094092942225974,-0.17140509556163575,-0.46125745451975264,-0.16071415197302807,-0.5695590941041692,0.5547739683664905,-0.04819007590931357,0.3198014230888506,-0.11574703077959536,-0.08255983804537792,-0.14415147217829405,0.0363556087244854,-0.18145858448249286,-0.011572796164196486,-0.2384416937977456,0.3744965479422042,-0.2846607902607826,-0.21892279204209364,-0.11157177254515338,-0.07420547828536583,0.07920506414002793,0.4123603266644216,0.8352428063466386,-0.3187002334024528,0.6551676406514921,-0.18044687490700018,0.22141302630608095,-0.40730752485614186
-0.2572084837758998,-0.3565158623085518,0.13035944685019296,-0.10625087961951907,0.05376264766575045,-0.4666562325558543,0.15988181549433422,0.21739794255871137,0.23068023810725902,-0.06715970573772401,0.15348488287123496,-0.23166983547359976,-0.1676499069615055,0.7531311166994281,-0.29867574783161266,-0.34214284364843217,-0.22601259561546827,-0.5155689062751521,-0.4198352704915428,-0.29571795200634976,-0.2025723987551632,-0.13879413712091693,-0.5214215148507195,-0.10139939555926125,-0.46796882007143425,0.5524607288587462,0.03612610160163188,0.34671553481855155,-0.15232659999607212,-0.0890838566780442,-0.16840864878927575,0.041990609613757446,-0.1751964060588007,-0.012082922407407937,-0.18082934137860918,0.45566177468866287,-0.3178749228797976,-0.2164603574708115,-0.10232930634860138,-0.039961509261095096,0.06999509704784446,0.4962016733085093,0.8543974559443628,0.1291031356978778,-0.45437327520863946,0.605776908903344,0.15484561650922868,-0.7045002022720477
-0.12874905209649634,-0.4499462512879465,0.16706800540379807,0.07474767976530372,0.16529012335398074,-0.4764800092632434,0.036561294042226855,0.12104009500044355,0.2695307146037502,-0.027315444626299312,0.22026776842368223,-0.06250585210882875,-0.1895945598935953,0.7226901720086745,-0.048835434150008905,-0.370505810983927,-0.11178848365039096,-0.5842473292968688,-0.48077776350391976,-0.3543721436897882,-0.1671369132197268,-0.07296001873105606,-0.5942712662642755,-0.03569595169891138,-0.3274086274313035,0.5705469177108773,0.023236854137206553,0.35657573865332504,-0.16056657064251023,-0.09923897497949108,-0.16179470920840966,-0.002159864426275915,-0.17849800227256196,-0.020562600357858174,-0.10977148273778714,0.48654602171990846,-0.2771177728641725,-0.2169610104259061,-0.09237298332225719,-0.06001215256235426,0.06201673568149757,0.5251517867736719,0.8877885033413839,-0.20989463232157435,-0.18359861643772435,-0.8160255995505129,-0.5424007756523177,-0.9302069538501552
0.06230727120538404,-0.42291485244573424,0.22751432213894573,0.24021171497012883,0.2195051095643883,-0.3988931657043474,-0.0733011063225697,-0.0037593263698798562,0.32872020718700057,-0.1238424767402484,0.1949941932672954,-0.1280987973807831,-0.20393768177781924,0.6615063969336339,-0.02622354093780721,-0.3635207135242283,-0.18070218505350488,-0.6721485028054107,-0.13551722785873588,-0.54220059234155,-0.1699922490906356,-0.04084736236864095,-0.6123068708721635,0.010003852792025869,-0.20187168798768185,0.6022394401170468,-0.010144856185276496,0.37453881098914876,-0.08382539816343781,-0.11964560869652274,-0.1384907384071551,0.10641087950625261,-0.19857750413496777,0.012823972865104949,-0.08215064580555265,0.557284800483363,-0.29714148299480514,-0.2101972691062497,-0.07706798597313791,-0.0855961450038647,0.04761893513139359,0.61040618581088,0.8482426001324062,-0.3565733824437918,0.21920347443051402,0.670293827233845,-0.10561202678326054,-0.9134125438709
0.23750240553002167,-0.26755679044381997,0.3138722885225982,0.32563566697987256,0.1614123680218702,-0.24598669284717367,-0.11543319886891013,0.010109106832828285,0.39667467876176254,-0.20234515644167017,0.17378381682800592,-0.16154063243023964,-0.2096654551404603,0.5677735026743991,-0.19614311832265208,-0.3615605299527854,-0.13684874972551808,-0.528044862290822,-0.32180789769156404,-0.5544288581729424,-0.15167554923678084,-0.017985727456627743,-0.6164921188220143,0.06433363403853876,-0.1331918455362423,0.6534077939546628,0.021545334932296267,0.33067181706491744,-0.03911291903535741,-0.12277000672857707,-0.04777324588085696,-0.052272628885377426,-0.18548439981693154,-0.054718467072550125,-0.07059218320178551,0.629773402469324,-0.36154049956301837,-0.19195458809731603,-0.0838695596036747,-0.07813074387980834,0.04722912152221337,0.7754171739681748,0.8225476270033609,0.22950084241800472,-0.24847190580197331,-0.406980022239965,0.6039230363557762,-0.8992623937824715
0.2975312124714966,-0.05162238120867624,0.3894865095429454,0.29842184898422586,0.023652023344786333,-0.11201342191283792,-0.11095321441566897,0.09208097966410844,0.4444973519663662,-0.2116956825203038,0.19007097026143027,-0.050239724792237705,-0.2372494121811507,0.4532433131839906,-0.15601148337156512,-0.3648121245508532,-0.1869754701384303,-0.48781100440960456,-0.3011947831196644,-0.6064714960103885,-0.12623412396303146,0.01851776479511802,-0.6226974173632573,0.07858516380294045,-0.025296915294920286,0.7023482826278089,-0.03137218872748626,0.307972915119876,-0.05678895690730901,-0.1090596690848008,0.01880880826234077,-0.07085190082648185,-0.1835453831893289,-0.09510412146758496,-0.05631903785823689,0.6541134142889329,-0.3271310072913979,-0.1901761650562135,-0.07544594037765306,-0.05036571427103853,0.05019672277368725,0.7991907059615417,0.8840326053920093,-0.4514200664701994,0.3304770191645454,-0.01011465802392808,-0.07620440085787605,-0.929641738357796
0.21651879507192828,0.1291879631447157,0.41840035786817387,0.18921165553879704,-0.12360083903565622,-0.06282687457521607,-0.11332960720856922,0.0949740632501741,0.45898404438312435,-0.2241091081285147,0.19776328573855828,0.05910224489799609,-0.25581565035661735,0.3583202400170973,-0.11870937850163954,-0.35370277014025775,-0.31887276666824693,-0.4156734874390081,-0.21582507420478125,-0.6696067695978498,-0.12374033158223008,0.03451435890575061,-0.599005578645259,0.11229011626689944,0.05891553789960269,0.7404851605234861,-0.052809478982503766,0.29183111441956644,-0.064133511959513,-0.1045917275049344,0.07454299098529638,-0.05898212717704743,-0.16807199962730812,-0.12281822551319954,-0.05593381179871826,0.6699652445193747,-0.34211718061950924,-0.19085040618538152,-0.06389626345651034,-0.05574786604337989,0.05736911319056737,0.8170897926339558,0.8433414305379661,-0.011113265633316938,-0.3056858390617698,0.24816060190678835,-0.6498367444506941,-0.9232465029267688
0.05535625868225136,0.21641995232744016,0.40246251043758585,0.05782699079558418,-0.24868384012114242,-0.08172765497440837,-0.13681100276720903,0.02080162120334683,0.450052665414995,-0.2702310740872057,0.17665713305132646,0.0869184762053572,-0.2521414401093215,0.3027734902028325,-0.0792242508291171,-0.3369021540208611,-0.40191779159784424,-0.32925790699232227,-0.2541121464133568,-0.6624385130282462,-0.13427439782315176,0.0432615411552435,-0.5268446938219531,-0.06141481491469958,0.16916534820355156,0.726302237850805,0.11781132623675816,0.30719399686112303,-0.08413160698631406,-0.119777935873571,0.09137550427333396,-0.06675860309690895,-0.131244795132616,-0.14886436333215425,-0.05140628311407902,0.5800456991583962,-0.29141842164282394,-0.18786772523949358,-0.05833450024230602,-0.046073082438375934,0.07477951475028033,0.6950627881743956,0.9280539709717255,-0.07437215054689772,-0.05773611436750825,-0.3234282597963879,0.13072210670827156,-0.8369977808374952
-0.12480215010332985,0.19091266130868845,0.363773252551884,-0.05344022092276712,-0.34911478739909685,-0.1329531701307306,-0.1640048574037507,-0.02570691417455584,0.43366064918729186,-0.3494215212858707,0.12258965458537086,-0.026269734609709938,-0.23973081193893975,0.27711590535326436,0.010719255527011251,-0.3263577614528228,-0.3497163858298198,-0.384043284141108,-0.32527456159076684,-0.5811257485044411,-0.14684497706668698,0.04717310680170428,-0.45457834162770017,-0.36260487857816226,0.298213396477657,0.6470689789485065,0.08209799750759084,0.32808831203746736,-0.148774708386071,-0.13483677652324755,0.06333258099501404,-0.14081106677674615,-0.09114516367563763,-0.1483194164552829,-0.029520779210172043,0.4317334040907028,-0.26807414138641117,-0.17691195201113896,-0.05522581864573317,-0.06295207478079479,0.0774921284493637,0.6932220547140315,1.0,-0.4287863533031083,0.0437822904758729,0.14722337697554777,0.20375320837286415,-0.7495474817574723
-0.2798007014006,0.05976527775135354,0.321918915642911,-0.12020426899017334,-0.41896845397274063,-0.20627932000568383,-0.18083152059606378,0.026709607444260985,0.41633092136566896,-0.3949879163113379,0.0790490255058176,-0.18171785297271315,-0.23124642813684282,0.251190316203898,-0.029188875822051652,-0.32484648294005336,-0.26507134157032186,-0.5355054342032299,-0.25507946365922485,-0.5221480705424459,-0.17481888180032978,0.010662317889335027,-0.4403071182717859,-0.33320698514032143,0.31042162576738397,0.5818566777379186,-0.14621173448023572,0.33431551590269626,-0.12270953225388548,-0.17094658972907883,0.019460455925464082,0.038754917445970705,-0.04950733993202949,-0.09293624815442114,-0.01498553885796261,0.3494073753883564,-0.27843050541705217,-0.15456543807913758,-0.04856964834689259,-0.07461757582628648,0.07782551470964671,0.6581130317325408,0.9244404550266059,-0.05420637797694006,-0.4108195187434296,0.0020273604313052473,-0.13193528468234006,-0.4209517477905709
-0.33617442838005474,-0.128083680384661,0.28021852876871267,-0.11588646718557372,-0.42534213031986334,-0.3140803952793081,-0.21928605214498165,0.03824494927924538,0.39214985644253497,-0.32155897712266,0.11562917567521547,-0.09796865521523812,-0.27129948030900275,0.1505575872911198,-0.3531503156255845,-0.3288062962958047,-0.2244977543197889,-0.6210437246038022,-0.060546448188510404,-0.5271753876352665,-0.23498224067125062,-0.0570375208839804,-0.4057250096361782,-0.21914054593921473,0.3060049587390299,0.5517163305138164,-0.08652937048689846,0.38184879316146936,-0.05801434716980047,-0.21293338017592922,-0.0024543060503910974,-0.05491366454719537,-0.020473153361497243,-0.06279256300050418,-0.0002492961700776286,0.35883420790731324,-0.290219722696313,-0.1688243138947776,-0.023417700210879633,-0.027420223328756488,0.06871098132688891,0.7329753732262174,0.9471575174204621,0.00659742395761187,0.3405408477624863,-0.2791213384729755,-0.0034891924742336267,-0.926135821282814
-0.22908918222665708,-0.27274098694429183,0.2519360406948381,-0.03158920116834363,-0.36115733907520986,-0.4257506824172532,-0.30931153031356307,-0.14816463468470686,0.3699960273367593,-0.22765589298262778,0.17565109406197665,0.1282837923343716,-0.4149258383213986,-0.05357901784855479,-0.4318173923989542,-0.3492335016827883,-0.09638366206121807,-0.5490870308794278,-0.3361519607636424,-0.3763739367356671,-0.25260785786320195,-0.07599893395370483,-0.39822814914768345,-0.11996325261220553,0.26433058460851977,0.5646724828067362,-0.11895875069482709,0.3652974439667125,0.0654216447067264,-0.27379013887870285,0.026390696192653884,0.08853988345819497,-0.021578517824291543,-0.021933133655671067,0.02647610776069831,0.3773053270359552,-0.35595148945614474,-0.22438272479319532,0.003925490943456289,0.04493614217654707,0.028484640629178326,0.7115274140837455,0.8889337513638915,-0.2882904637122711,-0.0014040338977853173,0.2826756476088468,0.23045508581124285,-0.8283733038841569
-0.026157316829509503,-0.29044061941632204,0.28090189535729015,0.0803011443404642,-0.30800223464349397,-0.4562033959637195,-0.38127619483966735,-0.29277003798547896,0.38252565008917006,-0.30303871306540087,0.1160093860888125,-0.06394632011543244,-0.5530071703459196,-0.20847226271422947,0.07058750291289884,-0.3743543879713974,-0.16349764802806943,-0.47608946667936425,-0.6211787218033378,-0.26414598734786077,-0.19560192104242946,-0.03761925221146345,-0.5016404049517458,0.18446945878534837,0.024164814487965813,0.6418876600988257,-0.09893960968690907,0.304255489578801,0.40123283919839836,-0.3960048178195711,0.1333550202791638,0.18873702763614553,-0.005799276259128239,-0.012641066542809276,0.09251660635683057,0.3277820172597117,-0.3449528562755637,-0.2776173638934142,-0.0045473023480147035,0.056402762398207296,0.041681318410692114,0.5676263756435316,0.8206946686725909,-0.0064015936736629975,-0.1449482145050469,-0.2741811492747265,-0.22717014896588106,-0.9021833325856417
0.1352223776545105,-0.1824545675704221,0.37667209630623866,0.14901669454464694,-0.33164290839412225,-0.40404155631045513,-0.35867577900400305,-0.11695740145776146,0.4254290502859581,-0.3676349009772468,0.04804364275758566,-0.4484357860416932,-0.5023550161629046,-0.21449558587983675,-0.05536624887251185,-0.3662994457849542,-0.5809841118124659,-0.4557627798467415,0.026450751699780062,-0.5937315815560887,-0.2113525684162182,-0.056592858892529296,-0.4444535383413736,-0.05187984817636393,-0.10071947298383355,0.6476080351801115,0.15451260580259252,0.36044655165240713,0.265651450336976,-0.3005713248208455,0.16994054348928955,-0.48620742885897594,-0.031762236497986374,-0.012515120026519111,0.12775768237978347,0.23522630006139522,-0.21523663653007785,-0.38418166526168973,0.03988773676892965,0.09427379398185409,0.10211892054482563,0.7686099360776137,0.926106746508373,-0.4296438291303045,-0.27767532521672667,0.15292386436027172,-0.5358380979032922,-0.9122860654420726
0.16506340211728388,-0.03044939373385125,0.483726796182006,0.15694622836142802,-0.38260983328944387,-0.3752086596619667,-0.28866674164569295,0.20602660659869576,0.45302329784250417,-0.1790205601717395,0.1505424983525665,-0.3437499563365074,-0.32638882120595814,-0.12931979516583136,-0.4636344922304293,-0.4011673669718594,-0.5608982097473615,-0.06464786127881161,-0.46638684531120256,-0.6052055721539037,-0.19136090488388657,-0.0852428103189169,-0.4059641173248433,-0.09484417223256592,-0.21167288534908035,0.6542334492368882,-0.2767683639319265,0.2354496894747855,-0.12942004967246823,-0.07602739524179403,0.16272484456669,-0.13498326479979872,-0.09288407884540717,0.08973288303484384,0.11777512996052408,0.26949428396722674,-0.33993148870810164,-0.5017470610641297,0.11273361785735614,0.14341079778382415,0.0707610112997763,0.8415619884334482,0.6992276058598659,-0.07560927223180236,-0.006625344961751489,-0.14354526285446179,0.21150065473987278,-0.9803629118242092
0.06697955551613743,0.06837141136533154,0.537416007099017,0.1515779660949954,-0.3644118249663909,-0.4300192708354523,-0.28732551084957836,0.27564200339295186,0.4464188343815163,0.05517260813397029,0.29666838399602913,0.016894165214955237,-0.15701722693821973,0.00015259940283507412,-0.12812167303082433,-0.4514375769337844,-0.574134976255865,-0.05950702676687547,-0.5148936443515486,-0.6933428110353874,-0.1578353997606562,-0.05938980560031093,-0.42413593596702337,-0.023496942665991893,-0.12749293684629204,0.684217607048031,0.04534555501323556,0.28685023916668473,-0.15585424845852314,-0.050677703417217335,0.12271073116041453,0.04986765708446117,-0.12476888612348147,0.04532526571045503,0.1879451478209555,0.30558597334229476,-0.37420089399168543,-0.5452023326856488,0.12102097293295255,-0.08014153523692158,0.05359608374235769,0.6863306614298912,0.7067157581465775,-0.11830027091522033,0.2661983127121763,0.00016861713569604753,0.7588684442869016,-0.9608274043348076
-0.055075404799801664,0.08745900873698154,0.5344689981304223,0.18626663003230348,-0.28247476324124143,-0.47848262500077554,-0.374259876126808,0.04041583976437013,0.43583942188777614,0.06341397429847206,0.2985620955885546,0.049932326402066574,0.03761010457704872,0.15791108684149258,0.035270135426667126,-0.45281241234527314,-0.6377187253264575,-0.1934561886742281,-0.1286352146025812,-0.8761724707438562,-0.19431288741082264,-0.0653001805876241,-0.315087055183377,-0.32369912328335815,0.015166465056150047,0.632348853512517,-0.0003973677881309312,0.34311922598724376,-0.025646824033971005,-0.08598271550016634,0.08097949315017616,0.04117614444977913,-0.18603522053554356,0.014320702292980547,0.23074736586848954,0.2428320522857914,-0.2700475621520655,-0.49079484424266473,0.11941315224924076,-0.22885477746096639,0.10674789755406544,0.6375563596912464,0.7929881997850723,-0.16300939823487404,-0.4709659612353335,0.11093469451191518,-0.4160852193026311,-0.9721408050605364
-0.09567464474903853,0.08078068503393299,0.5200546744712735,0.24585526771038801,-0.24887323274390394,-0.39957931162922,-0.4530511116050234,-0.18314655088430332,0.4472768657837709,-0.037720767511433495,0.22225631786398337,-0.06954360191378983,0.21815038418004185,0.2644326534449699,-0.16394886003840292,-0.44827095648818993,-0.39254772904544866,-0.24983530461455328,-0.19967378661391122,-0.8531548800676744,-0.23838959953096528,-0.11492090269715483,-0.22215154738222442,-0.3723571650717472,0.0030798727997176645,0.6070940955460689,-0.13249384624988814,0.3198768468430959,-0.016074081447140287,-0.07760162457848985,0.08666828188924791,-0.020697840867258677,-0.19627838567782419,-0.027766677070644508,0.23921042735864328,0.2454012585525498,-0.349722002508562,-0.39033641172943445,0.11197694242587164,-0.16625797356984517,0.09704346658083063,0.7952825525855247,0.6633552750584883,-0.2369323399233212,0.11795200871892764,-0.39130473629970763,-0.8370519126363817,-0.9400626519634222
-0.08064678999851793,0.08222138200782259,0.5018491011130228,0.25721403163991896,-0.31953018519783116,-0.22045956167499325,-0.4683329224186644,-0.24596365972412537,0.4674105736725003,-0.11502572112588227,0.14700028893466222,-0.10996231942908952,0.28411418181232073,0.2456589297404852,-0.2243121233863139,-0.4643565760792121,-0.12283043503880398,-0.35353228697786077,-0.3330187828308745,-0.7726961046352747,-0.2457181849217095,-0.15384640157078233,-0.22338475942595903,-0.10518868999079656,-0.028528156468724086,0.6390051438988944,-0.18440159447869686,0.28381747475775043,-0.03831742709414698,-0.07509488943045384,0.11329328843204567,-0.02093539495259733,-0.186274883961018,-0.06720038144401219,0.26161963919843756,0.24383136100361624,-0.30973986695487976,-0.29937860338478295,0.10141718540079303,-0.19995666733571427,0.006185050300419492,0.8764526853304195,0.6262509376485883,0.06754618815007762,-0.0870094859963424,0.504754334234444,0.6099101727374021,-0.8644522340537589
-0.09243998344702431,0.06789765288860505,0.4606314112165577,0.17311005530850943,-0.46213609653418697,-0.053710564155803664,-0.42861243576304986,-0.1827848002544653,0.471923068970735,-0.16681565961464873,0.06877160132644367,-0.14088718684744106,0.2502076645104634,0.14153369410577765,-0.13626216210060016,-0.4849178162715214,-0.045563242836899165,-0.4193867081907733,-0.3688877964247398,-0.7240169640162226,-0.23324884493958353,-0.17750390499910662,-0.24401881945966664,0.11803283877473425,0.0035798760638721117,0.6705251071002216,0.0006576664027972967,0.2778236255079942,-0.02453713421818804,-0.10779048211571085,0.12804085728590575,-0.023374747740153357,-0.17270556362674694,-0.09835591110075681,0.2889669718823529,0.24034863136163764,-0.3539565041350927,-0.21332067807532085,0.07988492027807936,-0.12848222165511436,0.03289783305877547,1.0,0.6999719076178992,-0.34673261972765623,0.06417293649554168,-0.7948719620169543,0.2578625949011255,-0.7042432861391572
-0.1599701980178092,-0.005075903788983593,0.39027118245274894,0.013657780803047803,-0.6101208118265851,0.015025875815010581,-0.3603023751737304,-0.044952411572403816,0.4482912450838237,-0.1743439644532786,0.0025264672539209165,-0.17933284770311964,0.18623021589379074,0.028593941708824788,-0.07614579299651847,-0.5002250723047508,-0.102769892596281,-0.43419108605181345,-0.33424619271220923,-0.6979760720897508,-0.23030157034786414,-0.20149045608667104,-0.21526288620038214,0.0350671885211713,0.10320951676289969,0.6376120655724871,0.11157385221774807,0.2842332658176694,-0.0024470429162808394,-0.14414431993538368,0.10681544316094094,-0.07881125359836472,-0.17363145965952864,-0.09364406487435128,0.3066991307503981,0.12700149342336786,-0.25089434805875954,-0.1648707520972924,0.07757247977763737,-0.12425347747072546,0.031477398635968434,0.8706332108136123,0.6394798556432519,-0.2953953747345136,0.011326400933720393,0.7674143569801417,-0.45484845388303297,-0.37663569114491113
-0.23251140864842224,-0.14936544365953996,0.2978120435270515,-0.1504899145828711,-0.6873655715244222,-0.04785015206845489,-0.30849083601704275,0.05010353220735175,0.39549079811618526,-0.10546312541506708,-0.01878210236203759,-0.12204286441212697,0.10856705301553782,-0.08637983724239917,-0.1583911054812478,-0.5084813081875081,-0.1338524728521554,-0.48491329145005346,-0.21558301182267559,-0.6725885909514959,-0.25960572231459644,-0.2446059042902089,-0.1461111707086642,-0.18893949082834693,0.20638813232214148,0.5624147126303891,0.059220605622878786,0.3024612413642891,-0.0033398209900672438,-0.1584262546233024,0.04948188456914071,-0.06795908245457327,-0.19424476073818342,-0.010590973821159255,0.305122167032033,0.04157363538009573,-0.24865334292820562,-0.16822717803253062,0.09449219164931,0.008333487918620985,-0.07023404086170348,0.8314852686714356,0.7320108812843238,0.4111657947164993,-0.20761957996671243,-0.5141540923382006,-0.18203381679204178,-0.6434450714296018
-0.2174932378122315,-0.31356410209316954,0.20760106958434377,-0.24467366952109626,-0.650169012973044,-0.2061328075782527,-0.31195013633560886,-0.021559397760531396,0.32915228182999035,-0.006986098617112968,-0.014565853088577718,0.014559402526421072,-0.02631211914533227,-0.24944695827799424,-0.24031848953634571,-0.5144781284492954,-0.050668094874362635,-0.5368694992875583,-0.2315090770996875,-0.5716407794796469,-0.2957207176695562,-0.29229382652764524,-0.1055814902978296,-0.23855565334587214,0.22928185207846052,0.5163316533165552,-0.07757434718293543,0.29871619344239275,0.026240767080105032,-0.1730328841505081,0.017447225839086755,-0.0034252161611082466,-0.2094099541297776,0.04567127750997102,0.2918020759446016,0.0043104159243461115,-0.3178289031160004,-0.2015064030442678,0.09913990454091448,-0.03738367005301868,-0.10653561779939502,0.7393687701696701,0.7516169941988597,-0.6838458024633751,0.07070980156463991,0.1253917468312038,0.2693247434093191,-0.5717615177972722
-0.07706109920517035,-0.4054490762808495,0.1635492110462451,-0.24836466165489535,-0.5358507009934612,-0.3594438339024133,-0.3483166592522847,-0.18655498168647722,0.28146174859410045,0.016939501201600038,-0.05366131860251466,-0.005606271469247304,-0.16563465618127537,-0.397982807536189,-0.11598270889877837,-0.5180256485121228,-0.1334636272514772,-0.44081848814086144,-0.35620673832341765,-0.4793013005374882,-0.3025283382502679,-0.33406779830392974,-0.17339062190009025,0.2707214899273478,0.04330882928438373,0.5773559757965645,-0.3797828799408356,0.19942467075448223,0.13582155068471868,-0.17275937702933608,0.07597968183827275,0.0011986692037617708,-0.21067589611530413,0.09890612700096679,0.28812563698289284,-0.0031952795172612847,-0.25389952214336764,-0.19406203745234551,0.10824154082684934,-0.10822557335978711,0.026498067913836687,0.8440016220516393,0.6383041348855913,0.015473016740318757,-0.06465173931212442,-0.09282260578710055,-0.14272858140999545,-0.8718830391281294
0.12024754364807166,-0.3631391020397844,0.19867653504659555,-0.20456687896670733,-0.4252401903835765,-0.4322124917442344,-0.349606319497645,-0.21305053434956234,0.27158091909244786,-0.01459712552472403,-0.13038017597215668,-0.24431234601945628,-0.18895374517411323,-0.4305773213837166,-0.04093773924566024,-0.5128608077759818,-0.42471857925961953,-0.27677904664370867,-0.307406451934755,-0.508345987173954,-0.30406744865820123,-0.3530380296910711,-0.15067372698016146,0.221704676298635,0.020788083703163762,0.5981975405980435,0.36496064204165224,0.2509806749596428,0.06321964781344991,-0.12954341881097775,0.05513965193681725,-0.14720385193027496,-0.18537678069967722,0.10760975912785797,0.2880177734128957,-0.07270228811455337,-0.3097855841819954,-0.17720805544260176,0.1058592126405129,-0.006523873581861572,0.02163656509062828,0.7202791614380541,0.745392983882549,0.003602874511942744,0.02504670630766248,0.032368616279587314,0.03569650769297206,-0.9147662942634384
0.25309522221428726,-0.2070840988533632,0.2980663911682513,-0.1654642922933588,-0.3479406365934903,-0.44857086208846775,-0.29120568288161397,-0.019827702152742432,0.282778758464473,0.04490428963739301,-0.1473007743317566,-0.40188897868801676,-0.09084052554923028,-0.35827322316468113,-0.1656116605908058,-0.5172865241757558,-0.49833291103320854,-0.2136675457623185,-0.3450444183447331,-0.48834155369907795,-0.30807426285523465,-0.36148301589875054,-0.047305886195722624,-0.3913111320813365,0.15431215202873916,0.4943610713526789,0.033696687202485975,0.22384231566069457,-0.003932470180040171,-0.08353354083081943,-0.005188397875323214,-0.1177770906598461,-0.22918681231086313,0.10361090072858592,0.2616359655560061,-0.1805459225906927,-0.3479228446083932,-0.20459830909038956,0.11526843634970763,-0.0685639402722743,-0.004704173125862798,0.6560805994211125,0.6729682237264947,-0.42149493069372757,-0.45386801853880054,0.0654897831137744,-0.07515450869767137,-0.8613613353472923
0.2406734053183035,-0.02540177584841019,0.40897479099340583,-0.13650486088759506,-0.25523738241866745,-0.48427626022778003,-0.2276517987755864,0.21042661265879214,0.2860852231659792,0.21962462035262487,-0.08226491114312429,-0.32256148930328454,0.0032112735560301253,-0.2796121233006349,-0.1570684849416888,-0.5413857868982366,-0.27741606536134256,-0.3786531669732516,-0.4592799606451703,-0.3709787135082703,-0.30049870335889983,-0.3818888795671561,-0.07682141101307738,-0.38168326948571407,0.1346806501924025,0.4699439979580877,-0.13790842432630135,0.21461493583779712,-0.08047387320499255,-0.06016772512408297,-0.04795892127865364,-0.04313529702377883,-0.21320819790473733,0.052393522736958964,0.2560761815060424,-0.22284377818337053,-0.3587701675987186,-0.18062170328030236,0.09046736269150113,-0.08739885164545735,-0.08322992542381435,0.6954650111645864,0.6239901489088127,0.2321815421282023,0.7077997702152878,-0.37680373448433113,0.011474824998320754,-0.9554025213749282
0.1128614193332047,0.10093391896820259,0.4885936085668663,-0.07659058109313177,-0.09546316006390965,-0.5549990276267631,-0.22629905487974966,0.2573243626920654,0.27528255595984286,0.38216978436517346,-0.014855004792193371,-0.17421502443435266,0.030913603992166028,-0.2500876836207918,-0.07491274029385941,-0.5548673872614436,-0.2050104933731428,-0.5555952734132383,-0.28258288076114435,-0.3755937580575096,-0.31119228271292754,-0.41277027844152303,-0.14202226666334272,-0.06879156846961232,0.07750392464565636,0.5016425368310167,-0.1885499437455559,0.22141003763404044,-0.0839863236466174,-0.07915419935249313,-0.06686262563165613,9.608806846328477e-05,-0.19865111429825266,0.006530771412860181,0.2559302707879003,-0.21481136338719642,-0.34217355424390583,-0.165367933045948,0.08016186187815366,-0.05255925473997913,0.03241271307325744,0.7125436167469938,0.6936083188583133,-0.391285759250973,-0.5709512891502078,0.5963913483213694,0.17922633711858826,-0.9736985073370308
-0.028136074706980763,0.15694839226799018,0.537001799697854,0.042303894870226344,0.10604835864513706,-0.5876569332303471,-0.2849884929264527,0.12803124666711052,0.26923265417793973,0.4399972382216015,-0.007148614150266797,-0.12883473349020824,0.042446742899952206,-0.23035373766280287,-0.058667514445459146,-0.5557450803189187,-0.22279291854766847,-0.5124307300267035,-0.28848398828224187,-0.37095098855590447,-0.3264845256638046,-0.4364116150085592,-0.1584967290058843,0.07898318009577387,0.06182016593127537,0.5289842066208523,0.049744375951557895,0.2249171626891706,-0.11356886899611973,-0.10049101986221509,-0.0802477648039378,-0.05370939550801934,-0.19069695505356965,-0.00947722974880838,0.26012865857676704,-0.2649581995188246,-0.2571509718272278,-0.17301473449696192,0.09564473308854637,-0.02427186243771573,0.04245632613980144,0.7179017984770635,0.5805825620994314,-0.11790549841718845,0.1211764328982079,-0.8892201999634086,-0.5136046642073171,-0.9546851324807802
-0.10906558499065477,0.17568522219664207,0.5688355841233796,0.1934483927778481,0.2724426541211491,-0.5091702652718255,-0.3527208494353943,-0.03371399492124194,0.282001334414298,0.4166315943911505,-0.048729690938864145,-0.15487223524559057,0.07845227232719565,-0.19413198470053838,-0.12222634498131935,-0.5476043842119286,-0.29594573146045855,-0.4579434126592573,-0.19618987093222584,-0.4094682960514038,-0.35403907895644426,-0.4512045160733752,-0.12510127736784393,-0.012816962494042183,0.10588684437427287,0.5218908330917567,-0.03968979989316834,0.1985215822136781,-0.08626843505369097,-0.12883939867552052,-0.10165157669180735,-0.015618989859805699,-0.229822213107168,0.02066814986758736,0.250263869810452,-0.2517755606235109,-0.32886982165477197,-0.194967284544185,0.11455367942990224,-0.04089647596155144,-0.082299074448838,0.7239730592217608,0.5625465313557227,-0.041877416955734326,0.10672592351281507,0.8884249486980549,-0.06588086827631767,-0.87080794392588
-0.1222420718747147,0.19121941113605523,0.5794523166078884,0.31302637253607113,0.34699508561766645,-0.32011013183566006,-0.3945037233519527,-0.1636210006790153,0.30568831100640526,0.3722236255770379,-0.10402259121587532,-0.12459673496402202,0.12146987684592503,-0.17130940349801116,-0.29791685777891974,-0.5365570169903082,-0.3063896281600078,-0.38737558572225406,-0.1773792761550388,-0.4163326910393311,-0.3854386894478121,-0.4691254161229055,-0.10084183372846411,0.009174874370062591,0.04600243985095176,0.5495053395141374,-0.1228423052201757,0.14884072045316188,0.09054422608987567,-0.19648461364725767,-0.08327210110241567,0.1485229511179842,-0.2639567400010959,0.030418864403416013,0.220770077755025,-0.19201787114261026,-0.3611858080179685,-0.2114876910215513,0.10974000495853131,-0.05528971655747228,-0.14210985764187312,0.6752034340153481,0.4476212044860457,-0.18865806457281387,-0.6133313949789657,-0.7700308766720318,0.27382595473933846,-0.78204144373428
-0.09757061435175796,0.2173294316733383,0.5538334647980512,0.3409818689544808,0.31353657271899804,-0.07383541548969352,-0.4019529439096785,-0.2773857613713434,0.32289811997947493,0.31937115187136245,-0.16905327767812084,-0.00993612815346534,0.11190535361302789,-0.20448752986740226,-0.3587507274182974,-0.5250189955690863,-0.28163259882511127,-0.3227925696079156,-0.24562657104770036,-0.38390784587018056,-0.39946446353609244,-0.45935230436360097,-0.09062429195166755,0.014989395246303827,-0.05426203947741359,0.6014708714477057,-0.05493812116324448,0.10559845602850171,0.1737670317391493,-0.22306335207742534,-0.021650454456490942,-0.11322472948561757,-0.286404057351899,-0.0005996542111301739,0.2063338897543956,-0.15325704581029387,-0.3217852366774422,-0.2295934345541788,0.10191737287647085,-0.04815799167400814,-0.13178143859035985,0.6590533719743676,0.3606063692941628,-0.30098173075260026,0.9162115004301072,0.13562023368270593,0.19390671078036403,-0.7229546857253641
-0.08822146376503825,0.23823478875341708,0.4875397769845895,0.24359146162586853,0.18387658763507786,0.16319669143978,-0.3674476055673793,-0.34222680575394293,0.32331480270549884,0.21351620470200205,-0.28226889250440834,0.010171155414200328,0.03817869522174888,-0.2810917652369469,-0.21285994670624797,-0.5057575598355741,-0.24900905171801546,-0.3222889353104318,-0.32697476626708155,-0.3254475659685254,-0.39168905469683046,-0.4174537643871137,-0.09390602504311252,-0.11155342772678112,-0.08667707469670438,0.626095342269575,0.03754655295920917,0.08065762500807683,-0.021462189116035923,-0.14797486236989588,-0.01596257601170925,-0.19580555024586344,-0.31082602908632173,0.03791931947686633,0.18683350002324262,-0.21161571978372418,-0.26264743757945386,-0.2363774928222876,0.10824299949456795,-0.0573668627830366,-0.06680854769346323,0.5745959585837157,0.459270699654007,0.1904396430646993,-0.7023533730146132,0.4475217936735043,-0.08550934082466966,-0.8801462524730648
-0.15726895702950283,0.20265880885837162,0.39369470928536043,0.024994711216857146,-0.01100378682058989,0.3257779938676919,-0.26993114338151336,-0.21738655878355106,0.3033148771115184,0.07831788848384891,-0.4370589203170122,-0.17619920616815898,-0.0430596442549982,-0.33150810797828667,0.020179522133226158,-0.48237712623651285,-0.25648624737288717,-0.34459768374511424,-0.4224375609995722,-0.2625360860912511,-0.3673660252060511,-0.37798344036154585,-0.14595493542555094,-0.14565316459240274,-0.10557613716994507,0.6145264704683695,-0.013010735444743626,0.04398227492439677,-0.12491338968854537,-0.1060885815496776,-0.04875673325390173,0.011831292854636244,-0.31847962340349834,0.10126313764912376,0.15537498467673228,-0.28743220837857,-0.2857671872888842,-0.21485798495470976,0.1052144268032913,-0.07015227088109988,0.019584002270850442,0.4049638534193709,0.4736037391258474,-0.37406670753630733,0.1495930899005664,-0.878138369510275,-0.46833192210581176,-0.28622492770281216
-0.31212616839231455,0.04546726772047971,0.276527262511689,-0.2521349984186072,-0.18658938356597077,0.3342965204928019,-0.13516452090120223,0.08250150894158326,0.2509237064560699,0.05500751887866606,-0.5312724956884323,-0.3136472799687777,-0.061921187914856235,-0.30783265016024186,-0.017960227580037236,-0.4544950403444007,-0.42866608720742183,-0.3467512703410137,-0.22476816153408374,-0.3440672311096217,-0.38234058911657465,-0.3873590302482569,-0.18065191842450812,-0.11375234380616772,-0.14277286636389264,0.5719484454899131,-0.03840115814800116,0.043440280144252386,-0.06920642763000207,-0.10167886653689062,-0.1011713612963282,0.020842159377197023,-0.31368531886862594,0.12489389416417285,0.10882701428431107,-0.31992167899715074,-0.2700955444631883,-0.21277636337620953,0.10967844687059891,-0.02599907679153246,0.007662376028217732,0.32091318270586977,0.5094646407234622,-0.06180219609291138,0.08332733820891014,0.897447137686262,-0.08754854545662394,0.1620186256291234
-0.433246278211477,-0.23479786778269596,0.13175442051274122,-0.46776063015689495,-0.22134971741129594,0.14986809651178135,-0.06396229565294809,0.22517250648399956,0.15832457935322086,0.2029068776005667,-0.49807934708612256,-0.0795801216849743,-0.061455744248253064,-0.2751323143074096,-0.33035417988294025,-0.4300930955689979,-0.5039463249146924,-0.27269853314368664,-0.12268245381539089,-0.4076797959888141,-0.44195462223603654,-0.41577069850826864,-0.127583021227322,-0.32653875930682663,-0.12402800245176426,0.493530048275862,0.06424958994849583,0.08790588812673739,-0.04333792672815051,-0.07951323527675636,-0.18869266653594696,0.03450073540672571,-0.32612191851375527,0.16915415763045494,0.05027038725421229,-0.3223790480926959,-0.25339010127988104,-0.2565455088958226,0.14132159450245685,0.009587963908962216,0.0037513477055994837,0.14416851072602954,0.5120410648376084,-0.22135257528469487,-0.6954932510508789,-0.7317284340562795,0.2583233917418699,-0.561931511297294
-0.33315046443323626,-0.5081911692672391,-0.009358539605348826,-0.5196630400075299,-0.07687484308674475,-0.12678291622186422,-0.1290026881409433,-0.08752709581444662,0.05559578369858542,0.32788261417820386,-0.44779728342459735,0.3339574364387947,-0.15389339702287286,-0.34038912400829313,-0.4531895508598174,-0.3993713109209769,-0.3799922760359489,-0.2951063207902368,-0.1231838847654001,-0.37619174189210636,-0.5093866206322532,-0.4151070129403521,-0.08152938447867109,-0.4711649855308868,-0.10488879806179874,0.4514975067775733,-0.2143975461679476,0.09685036324123009,-0.00033806522591806054,-0.057003644001298204,-0.2262525061287307,0.05736467067548756,-0.37271843707877683,0.22743158392278917,0.003885304791942046,-0.2648489348106199,-0.27738453695157994,-0.32600887262561107,0.19488409556750175,-0.010253026270602983,-0.010607304364647407,0.05308417432042689,0.427134854661708,-0.4282787529678894,0.8140728731136098,0.09929971564198503,0.14167254535656282,-0.4907064541482766
0.008252473780687053,-0.5899160044421741,-0.059993044574093046,-0.43956371206529976,0.09786950481186518,-0.2777449225174897,-0.22767138818143084,-0.5340451322581218,0.00928483818832615,0.16019248757159366,-0.5785077422507858,0.21123128684776682,-0.25383833575022896,-0.3900595701252234,-0.027423652712106006,-0.3630526896616607,-0.391030002712498,-0.13512305689599435,-0.5512393553377637,-0.22116818468916843,-0.49162276075058187,-0.3802428699987581,-0.2556695792591015,0.3708459926309793,-0.392886799753719,0.5904727171211968,-0.5878473654954568,-0.054385642266399414,0.012745823772862597,0.016875873574764277,-0.1194398107475142,-0.015341907401748789,-0.3489823490138544,0.20008058305199805,-0.013401893585761604,-0.16225938037186827,-0.32890799313582475,-0.33414769107611686,0.20348932239629036,-0.04230210061043704,-0.07128711552961475,0.16852024883661132,0.25909469470116187,0.3016981992030816,-0.5617989156656299,0.35075165302919364,-0.12019894838643463,-0.7701640132829594
0.39038731769896273,-0.4025344593090595,0.029531980709434524,-0.36984174459262875,0.12011422914891212,-0.21794562406205142,-0.18701379099794924,-0.528475009712719,0.03487241347004422,-0.11091687007298179,-0.7895594460956782,-0.34698811522462536,-0.15578731813456403,-0.2830413231126544,0.008138667408522204,-0.2947234270694661,-0.8778854832134083,-0.04494346491194201,-0.07785866120211093,-0.4479286089848066,-0.5090839731023977,-0.351181221818477,-0.23776015821410845,0.22897143387182806,-0.3202743694692425,0.6266486194708467,0.5127590947771088,0.07728878910353787,-0.07221519589035674,0.0696113978670625,-0.17567091832306791,0.021434985756485725,-0.3305901534786133,0.1844576803734057,-0.0420832395613544,-0.23772994911611423,-0.23631679876623324,-0.34213841382500343,0.19142414395003815,-0.023632108054760903,-0.03622116327521274,0.042237826966837755,0.40316579979540124,-0.3667350199799556,0.1738094755371844,-0.7982330584880079,-0.40677281896557604,-0.9623807587998222
0.5707352487656525,-0.05083734380584237,0.18960332062431662,-0.4102540910062328,0.0033185538226594424,-0.11530796689440215,-0.009710245072495627,-0.09689156987895031,0.06375395965598551,-0.08231848650637863,-0.8047412628138007,-0.43951028405692505,0.09946530809885967,-0.08183117019334618,-0.5311966907015102,-0.2572712212739272,-0.9167657001033409,0.17142318076596208,-0.29458185358135336,-0.42472719236324097,-0.528398868077145,-0.3419944652864697,-0.12483332782577816,-0.38744381086615054,-0.1836936554652726,0.5270253148516273,-0.2953862523666362,-0.029830580975024557,0.04108529044383147,0.08736538129917681,-0.17509039617601785,0.011854069420416113,-0.4174273327722904,0.17488572252373236,-0.10810250547173683,-0.17434311449908713,-0.36036660611170923,-0.3905962705064008,0.2068322395515636,-0.058666453214768044,-0.0761854293267562,0.20918490231912856,0.23830253685249936,-0.3315870079728094,-0.09711041452980418,0.8553838156097506,-0.13275381112588602,-0.9181002751571784
0.4490308832936907,0.26270744386908573,0.3056315125189222,-0.5214943762053583,-0.08216519477626827,-0.16215946869858633,0.1382064405368073,0.2131475322593661,0.037362214325511456,0.15530316806666034,-0.668198590996387,-0.01448294807596473,0.26368876831210564,0.08263185494615999,-0.3218776422754871,-0.26357789152935485,-0.5968681843323653,0.003149262424557042,-0.6731744003838147,-0.2083527237333439,-0.5004960480219729,-0.2963675226526469,-0.2192247748274646,-0.20070597380531985,-0.260951973351365,0.5588057830875008,-0.0835184025282002,-0.006569132567406766,0.04920249754730022,0.09100925141944494,-0.18470065035286387,0.07818337716584467,-0.3754791134987343,0.04537966353592693,-0.1128355866945393,-0.11423655358813567,-0.4151549715998448,-0.36580964501374635,0.16190000938675553,-0.052150685230413885,-0.10307129107902269,0.020536070525990935,0.20278892207995014,-0.013939141950148004,-0.3106384081950695,-0.8338705004039605,0.26094448642017176,-0.9063335162707952
0.13314244233647488,0.3970064347267077,0.3378341818191821,-0.5802285230246449,-0.03274465054965181,-0.34019584197654007,0.1530341915440676,0.12408528117172368,-0.02458357851115467,0.2117122082012599,-0.6417975151435682,0.13431128555695038,0.301297943708986,0.1793118210379958,0.11425363687477152,-0.22877899543983093,-0.5060335088310864,-0.4176120745256513,-0.24952047530156118,-0.24587329875870012,-0.5236182217088778,-0.24928786007787496,-0.24386675966374327,-0.33029836559470194,-0.22683111456328564,0.5223816912870216,0.06785536976665107,0.105269944355322,0.08089771001919055,0.051292954548783465,-0.24468085137085593,0.04949066517306844,-0.3769725309134855,0.015691297052222053,-0.1022796340648715,-0.249722763619044,-0.17032591727023594,-0.37056549751997914,0.14645449466456273,-0.04154158497204952,-0.06467267191326342,-0.2990893853348794,0.3900523254423425,-0.4758993708111465,0.265720522321923,0.4630859756735195,0.13693287304174073,-0.7719308057660675
-0.16211968276139177,0.3595539959840022,0.3406991793320868,-0.5116704266173018,0.08196623282796023,-0.47792038107940205,0.10352260357399379,-0.07811755944587984,-0.07109262586119369,0.09545978379911269,-0.7269580743665465,-0.07058312570219583,0.3179653242324514,0.24297368871082803,-0.0032184310189421472,-0.1722100553013528,-0.3445078765028132,-0.544075820450459,-0.14108630522509813,-0.2530361846293979,-0.5786023496291308,-0.2725982813725777,-0.25113828689789786,-0.21153826547605548,-0.34505250259846987,0.4925354217741289,-0.19912463215816956,0.08630570759402012,0.034038468420823254,0.07321224410463367,-0.257905356237061,0.02875266992811021,-0.38356418432524064,0.0768868622802954,-0.13338984209473825,-0.2654501988334701,-0.21165172042805236,-0.3725572008570581,0.15419118653197317,-0.041816475277548504,-0.04709465943748192,-0.19787122311099237,0.39247709088743,0.28578401943862874,-0.19742467404993824,-0.23598896755933085,-0.36530082708472766,-0.6966741416086151
-0.31792798952456003,0.23035016891367,0.35340557126899586,-0.34267172523709155,0.16932898413718878,-0.4939769993391926,0.06818822320258278,-0.16614879585620912,-0.0898911343437575,0.022167141394033196,-0.780501140611596,-0.17235034870806853,0.3074711541506103,0.2569121846787874,-0.2751504161556573,-0.14306857958874575,-0.2249493179488523,-0.47690496759208134,-0.23616320283889658,-0.26762816970390746,-0.61262077119079,-0.30400888029387907,-0.29857390371007864,0.1490291304499114,-0.42369372608140043,0.520002141211243,-0.11801009094790782,0.06461206315865331,-0.11936263184704077,0.14384508170222832,-0.2620582782566975,-0.08481591434010427,-0.37684597779668894,0.07194766785508877,-0.15189467448177252,-0.19120533133040896,-0.26196230605113946,-0.3624629944818074,0.15678425525423023,-0.08561018171674983,-0.079117183869155,-0.11470369571685501,0.2812808437878114,-0.4377180854822672,-0.05072771978235768,-0.015950489038580984,0.02317487678357999,-0.6409431035508378
-0.34203009379364435,0.07827917140519913,0.3673974304288887,-0.1443143910742689,0.20660596086225702,-0.42801030852406174,0.05090411957421237,-0.2025272048931578,-0.09537006890625821,-0.00047821626478472545,-0.7969049654556175,-0.1223463276043657,0.25014985648152965,0.22500035874435165,-0.33130412173958046,-0.13767995654298504,-0.1832488911402832,-0.38770869454151435,-0.3853998914349981,-0.26743814624352624,-0.6147315269299722,-0.28383628462481414,-0.3163917142972015,0.14760198687714232,-0.2659835099525487,0.5161386086312254,0.11929360130240907,0.08499550234550313,-0.1952403825161202,0.15989279446772842,-0.30864910662521083,0.020260883146487663,-0.407823941271255,0.05676500107881366,-0.14128821242412615,-0.13415903294079734,-0.29914789968633615,-0.3663270807431286,0.1491188196265274,-0.016042164766913114,-0.1333942276291148,-0.05698621178441665,0.28588766923667963,0.013538259367896321,0.08111890574672143,-0.005245495660703314,-0.034175501311990764,-0.8113456931073552
-0.2876368523892512,-0.05180459072569088,0.38086316909378337,0.024111103482907126,0.18579645549790924,-0.3221122056104201,0.05856263638440162,-0.1949498228564872,-0.0936248143205397,-0.04932689506688237,-0.8341255004888974,-0.14342058720416295,0.14940649915817006,0.16663173305918977,-0.17400890829479543,-0.1324058659358177,-0.10553543768026619,-0.4772974131621269,-0.4392147763341959,-0.21859827730970482,-0.6044287708057412,-0.23089782019743,-0.3143374780511786,-0.16601503323149913,-0.007900768027940597,0.45673480877305805,0.18237325040508456,0.12884964962202083,-0.1467225305235823,0.10943678230510057,-0.3603273373894633,-0.021688178436929384,-0.4547527785116584,0.007457631734655967,-0.10557580347127127,-0.14602135534461047,-0.2854107201446199,-0.37480525030536505,0.12312355845180734,-0.06716902551580595,-0.1331724734206743,-0.02131657749845739,0.329053904427705,-0.40744645779599986,-0.0023431327621410425,-0.07359296920810654,-0.04700132349796382,-0.6199344784810011
-0.21895518306590012,-0.14701783295788884,0.40123226560108516,0.1287117570664893,0.10793522749002404,-0.21603031752165636,0.11105175745593598,-0.06185990430275845,-0.08971016269828325,-0.08801152466874884,-0.8737639819890844,-0.2564768231714937,0.01915989647367189,0.08605800600515834,-0.0977187118846381,-0.1166115443399961,-0.034483329553465336,-0.6542374066408572,-0.35218270968475884,-0.1702140089096139,-0.605306712933982,-0.2073020896392641,-0.3590736537086039,-0.187990361104583,0.09579434179791524,0.4193401190571384,-0.0926254334050719,0.1282399412848767,-0.11106629709878468,0.08427064299912979,-0.3843218706431254,-0.048347855162743425,-0.493318567467416,-0.028636516735473627,-0.08700350113594468,-0.1258790455102462,-0.2884925033380462,-0.372133836683995,0.09926838396906579,-0.013276782452309566,-0.12684675488999309,0.0362320532089635,0.3377408194755309,-0.039715158866902356,-0.4932722236016279,0.27170993998502113,-0.050423128654867644,-0.534939507120233
-0.17218299847149532,-0.22123639185084765,0.42041443768722275,0.17388081404931643,0.018097977925024766,-0.16961788789300036,0.18611337605168732,0.1382466697360465,-0.09817066438655075,-0.014671109518602288,-0.8400942723316073,-0.2337631739897431,-0.12102709063008044,-0.003628830465649213,-0.19768725032150603,-0.0964657859497492,-0.1142703955008686,-0.6528808618374371,-0.2801095901066486,-0.1619860346116282,-0.6203311816395463,-0.21736456217894673,-0.43132028852402116,0.1496676367853489,0.046953634145587175,0.4496447581854428,-0.13387339864875025,0.11211262798961585,-0.05424799117539647,0.06805447356603844,-0.3751022637461483,0.02591058466560825,-0.5106709173225933,-0.06324514488390609,-0.08843307681355184,-0.03086428434427746,-0.3118440495924445,-0.3841674140654655,0.08080394242636602,0.014913627866235846,-0.1471841018740202,0.15805254155092285,0.3865717155073465,-0.043470288095975196,0.42016873784836695,-0.692602110544114,-0.2939580166025382,-0.5454098276744921
-0.1338264217899886,-0.28382257909216446,0.42585108065096455,0.1992527958276884,-0.01906830902261325,-0.21165653327434375,0.22549797766644053,0.2177896959661456,-0.12365208881995704,0.13555583155372997,-0.743122267594734,-0.05375716947281983,-0.25641602398793695,-0.06836415043286603,-0.1953008288978072,-0.07535076196852919,-0.27948971999949834,-0.5068336586678697,-0.3489868490112711,-0.14448807881328507,-0.6331213734267178,-0.19441237434726,-0.43150179525159926,0.10320148843359211,0.05085968156090925,0.4547785749859228,0.1984378729246099,0.13784892922881586,0.08307466489154969,-0.004312379988265613,-0.3677287679900866,0.0796752858298464,-0.5307749068723676,-0.1388907481176337,-0.08121177938279789,0.01625248934788459,-0.364254700070733,-0.40419902433197463,0.04642174573432856,0.03329982642863749,-0.1429121103106925,0.007481646811725584,0.4198290685385475,-0.2414128559070403,-0.005194536857156984,0.8063637864723778,0.46000725482156235,-0.7673063153740393
-0.066052245613893,-0.313366507895811,0.4281772372831949,0.24201342238531187,0.006937325898862534,-0.28727014300436615,0.20907924884648277,0.12223049064500868,-0.14634887133482655,0.22727236381111204,-0.6689848473212214,0.033918980994851244,-0.346217380238112,-0.06558956315538167,-0.05876713542774792,-0.03753036960777312,-0.4345650855880899,-0.4470866757988752,-0.2918200707499159,-0.16838071359721773,-0.6561927905946523,-0.1485567518915174,-0.3939905959812441,-0.16406884399934296,-0.0036904284467311754,0.4255973116077938,-0.014564711509540418,0.11619615073490053,0.2476174858678295,-0.07939040528119867,-0.3325973796383733,0.027213934221724134,-0.5807291061532858,-0.18845529238611147,-0.06972379327064293,-0.01366506611721996,-0.2925566815344872,-0.4539476962848332,0.033558497180552704,0.07338804544303335,-0.11309682563405843,-0.08688249622915223,0.43443262886753375,-0.07962755828007773,-0.5967891726323002,-0.6587138861079199,0.03636073329182721,-0.8359977841971677
0.040236827723852286,-0.2729351341516745,0.4526128996918266,0.29806904166050585,0.04078351702230476,-0.3099268505975683,0.17821149845719675,0.0010598177798131214,-0.14407168118525748,0.2368353958531202,-0.6382910899218088,-0.053522095198460407,-0.364509067903785,0.0009083670338203564,-0.04903567946715759,0.015703664306629728,-0.5011745345460226,-0.4138812118253028,-0.2203348971101864,-0.21745907476816806,-0.6886855438952345,-0.11946008696223809,-0.3854101304883427,-0.18633997311870054,-0.16952568714656102,0.43546029918110585,-0.05531877509285732,0.09235758812060268,0.08341462155125079,-0.027723519056442214,-0.2929555777503339,-0.20769936412140233,-0.5906423729725399,-0.2206394802779995,-0.06394737275734086,-0.03464771779978937,-0.262334939355345,-0.45504085880619083,0.024818851238431083,-0.05723433844480452,-0.0861930091761004,0.021849835769345738,0.4619592314594614,-0.2116164841792545,0.6630330115812566,0.11432801504630352,-0.6032231243152133,-0.960309619513136
0.1383109983666857,-0.1554700513271795,0.5023949663081131,0.3279956317510637,0.03355176003075355,-0.2592611089862089,0.17281013239086573,-0.01670993572557522,-0.11902878462017852,0.25450193629511086,-0.5952314334585354,-0.13650680010281002,-0.3433511664961644,0.08641019453326138,-0.13962986924221354,0.06365738757457762,-0.4915510250793199,-0.34533591668097463,-0.2617768958210446,-0.2580674093450842,-0.7094057098398221,-0.08461247516906023,-0.38883241468403706,-0.19809117411464816,-0.2160350325420468,0.43966953135909104,-0.03205465170072308,0.06779086507735754,-0.19591599252738312,0.04544942722213552,-0.2982555819049806,-0.06173464142830154,-0.6045265028069549,-0.20445231178886325,-0.06734895753741799,-0.05019098890924323,-0.2717972965544392,-0.423997765449721,0.012150127481079354,-0.009545340077731335,-0.11624280517099117,0.15268921114218004,0.4492171672864964,-0.042075869195705384,-0.4089050673440988,0.2861757501101898,0.2603711076297144,-0.9477088713338316
0.162436061202345,-0.005214716562866872,0.5493909476078991,0.3014533824887291,-0.006257622077003755,-0.18720982454731894,0.18277016501226329,0.027660353380676295,-0.09055635622914882,0.3131555730082316,-0.518492783308038,-0.11768425537965033,-0.3192870888032562,0.1672822712504698,-0.1582548201555678,0.10119341732527554,-0.45288125162892634,-0.3198864356187924,-0.3106902784795782,-0.28377423119173595,-0.7191540199287141,-0.036747821820425464,-0.4171324391712605,-0.17629609161822613,-0.14780804778635404,0.43202556491534394,-0.081661756665519,0.04385925256242773,-0.2646155566889049,0.026748840695394405,-0.2960750143112917,0.036204419299927126,-0.6271573805540082,-0.18038927185525166,-0.050343029861371735,-0.0479927291110579,-0.2305696287635185,-0.38470468345988396,-0.01264961185798219,-0.10842679996597371,-0.14847854606189936,0.19720717795127918,0.42363840571815015,-0.22213620117584654,0.03560349925355544,-0.5649783379595756,0.3409779935335331,-0.9143216317257432
0.09203634096531466,0.1126752582860473,0.5656192670316966,0.2259862592092523,-0.04353555966728373,-0.1394292507511541,0.17777395618125524,0.04312454752720485,-0.070625630827164,0.3661880994326461,-0.4395883894497836,-0.07478206554009037,-0.30957367955877535,0.2367372219682926,-0.10067624359209892,0.13758185139474466,-0.4206574154351973,-0.35096535231935433,-0.2996904723191611,-0.29777066821619047,-0.7331247800623688,0.014812517658833624,-0.4461231120068895,-0.18561290777186046,-0.06723377620842974,0.40955519680107644,0.007720677332257786,0.04718363907723622,-0.17451821581810023,-0.04672540661635749,-0.2962550190928658,0.12399927915899056,-0.6400513706162856,-0.1531784424789795,-0.035287802233448295,-0.025024920085473523,-0.2771918804260116,-0.33640513461312826,-0.05202028210149234,-0.012814414290687859,-0.14057101585681642,0.2193271998530706,0.4759587565803609,-0.35547674577445476,0.09662431603587773,0.33191613998513514,-0.7512455071826603,-0.7956461411098026
-0.035223560839037105,0.15414470682939263,0.5455424968487583,0.1320088417210863,-0.05884709956138989,-0.1188447394104325,0.14680001546214827,0.013781238853176836,-0.057515390604302774,0.381162927790367,-0.381643703520098,-0.07981249185226236,-0.31310655912130536,0.2925683398426635,-0.06665103399116501,0.17532274615636578,-0.3791494074885038,-0.3989573463912077,-0.2639092814517401,-0.30678836133243104,-0.756841021692342,0.058513414469191005,-0.46203538684057355,-0.2482912529535356,-0.06514301305424486,0.36843522148269914,-0.01814215630004168,0.03573252279010375,0.038591101242933634,-0.13955694228837112,-0.2766296020077853,0.16838679535180368,-0.6471788821254318,-0.1354800266424233,-0.03747112509660644,-0.031400787905074945,-0.2754913683005251,-0.31876060894000535,-0.08681306378512765,-0.026562848374984682,-0.12265643711326635,0.08629888390126417,0.4787317266366884,0.15628314980251146,-0.3929970741376544,-0.05512121061401576,0.0024617107794053794,-0.7602312403298249
-0.1508020079704011,0.11611676643517344,0.4965374201546855,0.04708581119075572,-0.05044863952279244,-0.10866285259775843,0.09128197503629543,-0.05445720317337266,-0.0466066800700784,0.37743867040253254,-0.3306315116260641,-0.07679048891404461,-0.31903948987505515,0.33032752024811485,-0.15683329086093512,0.21233450666464737,-0.3761815013665841,-0.40242022371802266,-0.17332441847563562,-0.35629942657607827,-0.7952473959769625,0.07769879751274433,-0.48712023825145623,-0.12573342795147746,-0.16413067105790602,0.35297489708646457,-0.17526031188454105,-0.008029928436469658,0.050734218933126796,-0.11197972780767929,-0.22803222447909977,-0.14615131030320416,-0.6437174716452978,-0.14660516231281207,-0.05314759661032098,0.0009727639089991413,-0.28027701663752647,-0.32120128540625237,-0.09707925511071647,0.024354379378892288,-0.1023676795934102,0.2029554677239267,0.5339748034189036,-0.3032956317918676,0.21702807361261467,-0.3334199405031658,0.5869254376756239,-0.5380975992768404
-0.19069869181751398,0.03637078443887298,0.42944032364367857,-0.01862048123824478,-0.02673637477147428,-0.09096534575087878,0.01272963730737664,-0.18479236619959338,-0.034578360331658065,0.362393780615921,-0.27935403471098785,-0.009022926287358346,-0.33894765921949843,0.3318647636372114,-0.28896502283098013,0.2422260839676056,-0.3794203490343243,-0.31942226719651656,-0.190806099152533,-0.38727666824579665,-0.8316724873980663,0.10042394654658326,-0.4922488408533312,-0.05427010037190294,-0.18621738607700966,0.34639667975092725,-0.009375130595055015,-0.021864331874124177,-0.0921423756928953,-0.028831900358331053,-0.2318065698228009,0.01172010909839094,-0.6388442961893753,-0.10709362882843931,-0.08703073556814234,0.01614659568290655,-0.2936327230167032,-0.31231622914337487,-0.09424414529665615,-0.052932138379624516,-0.05900032718610393,0.16868233560200596,0.4967605117250169,-0.2479294110644158,-0.051798611093211266,0.2856135754359719,-0.18984754181234498,-0.8117883793671049
-0.16764946772959444,-0.04322970354381983,0.3704659519699143,-0.08507727056658332,-0.01895777290871259,-0.04821410186191377,-0.053030731777138795,-0.25987048967324156,-0.011051844439029401,0.26802143059110417,-0.28373427001410967,-0.09905832239836276,-0.39427415771804974,0.309381442903526,-0.06025480023780261,0.24912811944159974,-0.22544091552986245,-0.30640433326792593,-0.5554422483446046,-0.24676613458263885,-0.8090507292850478,0.18083635768149464,-0.5127511924018476,-0.31818860919233316,-0.06920752336227165,0.28022952667041334,0.2538293207619977,-0.017024730681301503,-0.059863647071799364,-0.05566866922717517,-0.23829209053890477,0.07968893902809948,-0.6172577113983103,-0.12819656142246916,-0.07460001558911245,-0.08425618208722963,-0.30069208993109353,-0.2718452998737064,-0.13109086538860948,-0.023358195289872263,-0.03543459509284852,-0.07374156189052572,0.5384741832804958,0.12908342012006124,-0.17039360974850049,-0.14488878424191742,-0.2529271067342207,-0.3302801156596905
-0.1563985820209749,-0.12229002557433954,0.3396979121223287,-0.17683026168710425,-0.04413901600195025,-0.004300683462833188,-0.06068671822435223,-0.09851709754296756,0.023489996131864643,0.14623913054296467,-0.32064118199293845,-0.38951112303400914,-0.42497148533180373,0.3050428640200704,0.1100918693646542,0.2574552856487249,-0.21451256452933687,-0.5393737146657012,-0.31170475105432316,-0.29271632031737327,-0.8021549187475483,0.2249667897614258,-0.5794685507262156,-0.37596766075807553,-0.05975633180495288,0.20413488449676298,-0.14755949773172128,-0.04169624672130057,0.08329618366005809,-0.08932092625161725,-0.22775983116107879,0.05018038777874789,-0.6129594900964754,-0.12859499719261258,-0.072729028884988,-0.14015130256400699,-0.28558645170854247,-0.2601542434058868,-0.14908280509274474,0.004326396628099305,-0.025190297385845217,-0.013071449938278912,0.632010734865813,-0.2246546010259618,0.11612314189430895,-0.025093742044966838,0.05669973786975202,-0.576903793010972
-0.16456597610655288,-0.21910732275449896,0.3184289122698576,-0.2698765020797722,-0.044654386999857576,-0.03539482891721435,-0.05045435895859329,0.15016714223374916,0.041725285098963116,0.19984524499257272,-0.23959000268349817,-0.3608108120047432,-0.4106532560104893,0.2855610407003737,-0.3334160881184657,0.26213490062811196,-0.3053631796250763,-0.5116881611077064,-0.04836739929539713,-0.43814104022220424,-0.8437191091872146,0.18609616040452726,-0.6310999019033019,-0.010188070289285478,-0.20178762051976384,0.21242119248786318,-0.22130378072454293,-0.06924546610899829,0.07291125225629758,-0.0248287169300353,-0.18826089478412766,-0.03132377057988345,-0.5890227732953502,-0.1235944957366184,-0.11452567737421826,-0.048765685449785434,-0.2869219201889077,-0.28132772149214813,-0.13008649373582315,0.03916445788773304,-0.02027707971470305,0.1957076657485015,0.5193821798213549,-0.31583602818900336,-0.14072208134099873,-0.04921969970304996,-0.04868770145069423,-0.47620057402969196
-0.1383906161960966,-0.320461333336575,0.2906659982944706,-0.30885337012391934,0.04728558787793302,-0.16043169414636826,-0.10394393150307235,0.17647796855073516,0.036693344270213535,0.3360021223602141,-0.08592120416356241,-0.013301933421889234,-0.4434709766560653,0.2275433656117598,-0.3054688535965585,0.2254662786148094,-0.23358993706218767,-0.2580215093805692,-0.6123805326237254,-0.31022694773650916,-0.8146046119533138,0.23225854781747857,-0.6691683225118562,0.010558088338344263,-0.15968521175569395,0.2130545569525486,0.2332348659793435,-0.07624839560724395,-0.06325210076790311,0.04482864997371161,-0.1667726349486096,-0.07924833010571852,-0.5559884724161834,-0.1494340839450744,-0.09961116662711866,-0.06505472095077847,-0.27344517813446567,-0.30510969649799546,-0.12302921395640509,0.06530515363379163,-0.015308779256914207,0.007130465209935766,0.46887639207697696,-0.088664833858761,-0.045283323526542074,0.023680793523509047,-0.024646376828843963,-0.5653307093632294
-0.03709630944755371,-0.37182232557679684,0.2790466463468546,-0.2684939530702627,0.2044102838258699,-0.28099579383786577,-0.22132501745763755,-0.030262770716186438,0.04234768172581749,0.27836494314729077,-0.05043114094114676,0.036414908666995816,-0.4478753105918182,0.2136977364994872,0.07853939162440926,0.21800408419730233,-0.43685270708713864,-0.3891462490917591,-0.24148952825201186,-0.43853495926161234,-0.816338574490854,0.2962304881963356,-0.6719733323346986,-0.16566904511384017,-0.012131134599170479,0.1684519897254566,-0.13498102960759906,-0.07774392461410506,0.010506796803999352,0.05760113725230309,-0.16644592837718886,0.052717728869768,-0.6015257192045333,-0.08636342254672402,-0.08238833182414351,-0.08270019839254228,-0.24086890375382397,-0.3406394760949648,-0.08884457596070339,-0.0038406085445505944,-0.003771168820731474,0.09186119198715592,0.591555408443279,-0.08912471850161152,0.2589417434139003,-0.12395872806890151,-0.023085322537228725,-0.7997291313448156
0.1325443110387221,-0.307657167756902,0.32248768941150163,-0.1870019573565168,0.312906214824314,-0.2830965012257497,-0.30997082939516096,-0.16853252259185503,0.08304351184720549,0.09699924571404095,-0.09888326144316617,-0.1809492805847659,-0.3439185350115944,0.2461093088599513,-0.13395375601637738,0.23333956405083822,-0.5205794713253749,-0.34819208899977705,-0.10430155082420434,-0.4990027185962129,-0.8508449212917409,0.28720108615323325,-0.6366463022614591,-0.13126636248047951,-0.0539563187919343,0.1729607151709569,-0.01043030431629366,-0.08679031677632176,0.12024262179226497,0.07688235450415504,-0.1126804275925557,0.12940710397856914,-0.5835654039498117,-0.035279106233457425,-0.10926018021744832,-0.07301974694993962,-0.19594359410710516,-0.3192369491712127,-0.07462738473908115,-0.0792066037536564,0.004835307448242787,0.1155235998997528,0.5290403925264862,-0.32074644522512763,-0.4218261680860492,0.21236602934693516,-0.047687256354120855,-0.9385191788881342
0.27699699814301626,-0.12572337922494004,0.4143881595621721,-0.14055336889150027,0.30919588806732223,-0.1858864106298005,-0.3165775717188303,-0.0902007476037654,0.13773910097734787,0.010614413834079794,-0.09052421329975868,-0.20526745844021077,-0.22845131713047595,0.25745124613106873,-0.2907951439672831,0.21274297924486674,-0.43248379637289924,-0.2306045894366412,-0.41436794664904075,-0.4098594804795427,-0.833481993739902,0.300519553428128,-0.6278120779454235,-0.11291595449513503,-0.12346906260066604,0.1960846206637228,-0.0955788447223106,-0.1590529672948341,0.2334361803927909,0.10415819830533612,-0.0003458073401937378,0.013638510376098978,-0.5568339788841314,-0.048634492031146226,-0.12507860252358083,0.015213002563599698,-0.31493475213984323,-0.27567443920430124,-0.07750850540766485,-0.0635345297756722,-0.00548266914472606,0.15329066471556807,0.390991870368395,-0.20511345592961783,-0.20700674583524348,-0.36001767632481985,-0.3180637048303586,-0.928918420629812
0.2809401942102403,0.08453819654788863,0.4962263292088418,-0.1663474012850389,0.2433572550928631,-0.10579168758979174,-0.2900689645205794,0.028040794615523223,0.17171660100423747,-0.02158213113889107,-0.053675583899860047,-0.0966626310658254,-0.13772170372921888,0.25358137068168496,-0.1685552108827958,0.1825581964678733,-0.4513868113317857,-0.2953122587320859,-0.34789242096298134,-0.43720588904441715,-0.8067213282460741,0.32513442198148135,-0.6440983761088177,-0.01252811761224537,-0.18838954217998116,0.24513396227162731,-0.08927754372659535,-0.17586918317138955,0.23605860962335945,0.16734301381962213,0.08828482516007385,-0.033748911897046985,-0.5179083464162387,-0.10056545672156214,-0.1366772620925929,0.06612018418463728,-0.31076290755911395,-0.28505825539840557,-0.0688973377892429,0.07229034691922775,-0.025977802502755498,0.1763480351856357,0.5019418453704791,0.0677743566840141,0.5804872523463347,0.12720152542686014,0.22712196101994264,-0.8934323738438033
0.14665954871641862,0.22691735381521094,0.5324738874006738,-0.23080528930702948,0.1735100964997367,-0.09058859237671846,-0.27884504500729757,0.051623175952144607,0.17529017367551103,-0.07920760329523968,-0.040980594342950316,-0.015205470266177357,-0.05603657405280471,0.24605043185465503,-0.1413751974427857,0.16449807750547407,-0.48816891119890204,-0.3193613526522986,-0.23812979643189924,-0.4942659721714433,-0.8023539486720431,0.3303384367832485,-0.5924387418068318,-0.09217060012261435,-0.17275992659771622,0.25882675625282237,0.056642918189388825,-0.15750356703041268,0.10040554630307552,0.24909814886649095,0.14055201961450026,-0.10497732667444326,-0.47048364102086415,-0.16057584147251502,-0.15652783100369405,0.04434764350300924,-0.27472902144897793,-0.3002633053501862,-0.05862525314230238,-0.05956817011240079,-0.016111763375509458,0.12999678522463043,0.5260794737163228,-0.28376164171361407,-0.40319871887659364,0.10548905379244133,0.49915463133666416,-0.8377052883419167
-0.03679977271560142,0.2602449222813672,0.5268457972272584,-0.2828162358490196,0.1159174009964099,-0.11539475539755095,-0.2896179349421716,-0.010988877517693285,0.15773525014458478,-0.1651009435774029,-0.05424819024791727,0.0345924420150181,-0.0003900436837852572,0.22087813069380124,-0.15406039597332577,0.14612656596611107,-0.41815360678253044,-0.3435348481295877,-0.2606116137142934,-0.48187149210389124,-0.8063895036113993,0.322058991190596,-0.517404472855935,-0.22882490865648675,-0.0673398244465343,0.2326057824908636,-0.028115103316360135,-0.15667464729869884,-0.10410341634684872,0.32231975933144397,0.1627797065487986,-0.12149850569596954,-0.42848202660483137,-0.18286354989918596,-0.1668117213353193,-0.02327478251797377,-0.21374419171793868,-0.27024152521380984,-0.04738664490565092,-0.08701819549534773,-0.003483785644679105,0.08647913592170453,0.5208116393406728,-0.16201946138060386,-0.22692525705028366,-0.2612129388090618,-0.5864518508210839,-0.7218123970729742
-0.19749530744010235,0.18944719027795642,0.4992351345889523,-0.29842137262883195,0.061942873928020115,-0.14635340813836983,-0.30456196232889365,-0.08047605746950026,0.1329891027690755,-0.28895041221242734,-0.10437996577090114,-0.015777312671045762,0.01357948774207185,0.1717294140034169,-0.0854055788950343,0.1199102967972101,-0.3094207582015045,-0.41965646611554475,-0.33347439675661883,-0.40853764235631573,-0.8037702585717827,0.3024455337420988,-0.48655444592630526,-0.17075906470686575,0.04501787938472823,0.2105897522336433,-0.049581858851997285,-0.14845249591524123,-0.1868230433052298,0.3185473461177164,0.1669160072196456,0.04773840898048709,-0.36778707884557427,-0.1680513434250276,-0.15693173229217316,-0.06885539313252187,-0.2196813033360122,-0.22973557690995738,-0.04378397726819683,-0.05342675499627181,-0.009514736880204544,0.10122550256056173,0.5963604526894704,-0.0646067437648834,0.1901026765219589,0.11007685026653413,-0.6240347353780102,-0.7990255763962848
-0.3068975497833475,0.040048890832897754,0.47184964663629936,-0.2793632341381831,-0.0017823352727117658,-0.17140609142395447,-0.2959056729706825,-0.05128610802463063,0.10925499289086882,-0.4113748453656326,-0.16944861219698293,-0.16190837226232857,0.01212956355849526,0.11956160611736721,-0.050935126223332405,0.08660373767502216,-0.2958850776677372,-0.4898257095731351,-0.32962499838506043,-0.35053807678454363,-0.8019737051183629,0.2673813767729192,-0.4663220311544598,-0.07972826944091604,0.1187436459243949,0.1825814641789918,-0.004393794223216951,-0.13006182897459584,-0.045396092359185625,0.22284488439147676,0.1818969621262687,0.11732007856163817,-0.30068463267355316,-0.17517997520865192,-0.13317595138140492,-0.09292086419718526,-0.24385137292424675,-0.1976813535277523,-0.05272846075134452,-0.061459934021217966,-0.015058991111188247,0.1243098247407377,0.5207029370218323,-0.3344445464523601,-0.2254372465487946,0.021228979483739918,0.8509900280794263,-0.41689247289090137
-0.32580844312969504,-0.1413990272303327,0.4472893494626957,-0.22399140473951473,-0.0558976705623041,-0.2135406350868776,-0.27934378857557374,-0.005341375857114694,0.078265968548074,-0.4208457007142944,-0.16522310893769587,-0.11829503749188996,0.009288796010578082,0.04552720815645506,-0.34528742827779757,0.05704327397177722,-0.3986622714200898,-0.5244882509427002,-0.054584284005739,-0.3994149770269232,-0.8449605998246655,0.19733851543861158,-0.38534107650189653,-0.0700114280859494,0.14189708319975125,0.15722466435372562,-0.11958340268447476,-0.10885009970594328,0.09910029526691333,0.15121077779567416,0.21127490127593807,-0.011771989637807345,-0.2671515014337259,-0.1774245547251243,-0.13036695376030494,-0.04183728224457661,-0.26211283313729894,-0.1858143301494508,-0.03380138735010629,-0.09296145880907924,-0.014560305322074196,0.27296477297311084,0.5047010153315994,-0.06321714866125183,-0.05767981740900374,-0.17926597194294036,0.24337816677067892,-0.9200113359302944
-0.2194390211271402,-0.2806694900187865,0.428240358493847,-0.1314870594772245,-0.08101412671419295,-0.271855318692133,-0.28975664581274385,-0.10562184331587554,0.04016778035817081,-0.3690629633489837,-0.11635620772872002,0.11063956430845989,-0.05611599230039799,-0.08249257806247601,-0.44218697199243695,0.009796882146600794,-0.3217085852406091,-0.39686338403977905,-0.3979615934884212,-0.22642407554373245,-0.8468262444240386,0.16706169477056498,-0.3391839272157583,0.007144363631734096,0.06634041343591712,0.18469000744297714,-0.05145986747795073,-0.12969016633463282,0.1547796721638488,0.1020307255707209,0.2733115703568849,0.04788995729787815,-0.21431760474880923,-0.1891824707325499,-0.11815779369332602,-0.003748937595906332,-0.3204280276842105,-0.18107174083598732,-0.017113351399465904,0.0019001890097107843,-0.0027259904992198436,0.29384055325959446,0.5266126965304148,-0.0918569925318713,0.2548066560138733,-0.052799232502383386,-0.957189078899746,-0.8432704870359131
-0.0405188997911442,-0.31632198569159364,0.4430447389905676,-0.03536593586805825,-0.11979769563892495,-0.29137513686588523,-0.29219265182079146,-0.22551115420067125,0.019265325252404875,-0.4358013327552681,-0.15403022514960785,0.03766992095728905,-0.13694830214392417,-0.17498006553107925,0.0007239498923827803,-0.03346960526027687,-0.4018647070388599,-0.4065128104661244,-0.5279954785303749,-0.12236953370036208,-0.802046985342822,0.1931051810648674,-0.36139432943050254,0.10205359613331,-0.07136270701971503,0.23277403853880596,-0.03786159275099499,-0.14939637560121344,0.2914360845859467,0.019346684925485746,0.354983757381399,0.059000580313143924,-0.16395613297259326,-0.17129113488595837,-0.06510446733350783,-0.07190729342159141,-0.22226934067733517,-0.18938591461736465,0.0015695107688589172,-0.026355362437991303,0.052900344305502944,0.20291332000720774,0.5234708508733512,-0.056867793170418235,-0.20209739019301698,0.3279573406246574,0.3655796777291669,-0.7998477080215343
0.11592336059002628,-0.2420096972063852,0.5043507313178852,0.018365255438495875,-0.21656624190819163,-0.26051599143895054,-0.2307566638780557,-0.14826691870552677,0.01843033512228298,-0.5113393853477937,-0.21230340357482702,-0.2383478617316228,-0.10391364610568932,-0.17637929311969447,-0.1051333900642123,-0.04038216959463037,-0.6739877992303708,-0.4640755151356737,-0.008464575153129705,-0.3068177169038614,-0.8213195334334795,0.16502835584236175,-0.27621477995078414,-0.10441884871857998,-0.1564227464732606,0.23240165925852296,0.06852191072280678,-0.09695890863733703,0.1698857645834524,0.05178780410593875,0.38180488309159855,-0.22078501168092957,-0.13759857372317896,-0.13915110779012474,-0.057956439039228536,-0.1021447886079081,-0.24728568984039423,-0.22379040040924325,0.04188129100688576,0.01901612420425436,-0.005618564432539164,0.46353826042681323,0.5818138633342287,-0.29151543097742716,-0.017039527342294414,-0.5217897315110769,0.4074843338861056,-0.8866655981590575
0.16874634042604897,-0.11449988513358955,0.5852455848757627,0.014088740152415014,-0.3416803652622664,-0.2487441727616453,-0.12079349615268065,0.09072051012784832,0.009913100185045653,-0.3984158459445535,-0.15084691384067095,-0.22674401613893969,-0.030735620680384823,-0.14380274572414364,-0.32925630891646573,-0.08475188648913645,-0.5291158178664097,-0.2534711044896629,-0.520915307887334,-0.17131266950299262,-0.7892529945937963,0.14733980499890387,-0.2416948028002912,-0.17950800659249322,-0.24189554266380264,0.23078360433981726,-0.07149462502544546,-0.15661471756801681,-0.10423043845544322,0.12852736463126768,0.39737363126404723,-0.06585017118691194,-0.09128956176898673,-0.13678485456181544,-0.06409847820303449,-0.14134497672403046,-0.3129034297824036,-0.19907738005826126,0.04700929817177668,-0.1646733850908485,-0.014290954685977852,0.5511796547605703,0.36603125032853123,-0.4650029649269618,0.24187044252100875,0.2755317322052977,-0.7561422169315168,-0.9744305206879741
0.09756175743307427,-0.019844758008639496,0.637802454397949,-0.009302065858801334,-0.4032831704396821,-0.3249603598870253,-0.051479524200503834,0.20837810820954727,-0.023924037243196916,-0.20402835588364954,-0.03131642637816434,-0.028467514379694192,-0.0010371098691281944,-0.10984307660232939,-0.1034786240806359,-0.13405858487947497,-0.5137016829803522,-0.40561603727601414,-0.3479601492535839,-0.22456855489420424,-0.7653836119963682,0.15658323130187402,-0.2577666011256159,-0.1506284844485528,-0.17435244635377978,0.23368688745760613,-0.04891881476634519,-0.09578254193082092,-0.2025828997882061,0.10680139343189587,0.36564758692691046,-0.012455877436663765,-0.06303344275234457,-0.10737796091703977,-0.01641640657411092,-0.19028228203088182,-0.20046606857003146,-0.1654215580369245,0.05723443986557375,-0.05463153144092403,-0.014009018509808513,0.5040098880819421,0.43575388012673666,0.21921470812569277,-0.6786461282714054,0.20111990817951564,-0.006646751778637938,-0.9694044506174584
-0.022819525538966934,0.003648391685955099,0.6551049549696633,0.009335042418459949,-0.3703141519369706,-0.441718386058387,-0.060010395154102225,0.11238910247830503,-0.06332027986239952,-0.11201960955502255,0.02476558670386475,-0.014431844801757854,0.021832069828169542,-0.06718863280556353,-0.02271512991097402,-0.16016794022773007,-0.48449751954480624,-0.4650198920219565,-0.26177922442064305,-0.2438428525697396,-0.7704153651306402,0.1430569299078961,-0.2325609380855732,-0.1773004593381976,-0.09105203255023486,0.210290746311957,0.018914480388036115,-0.042771903551031776,-0.28054081872298464,0.09035295341981997,0.32204275216816813,-0.013012048393379994,-0.03799134463742959,-0.011162372537675047,0.01768656066923424,-0.2539083735835397,-0.13910244032766206,-0.15816107209664376,0.08318703040402653,-0.08756538926209301,-0.006302992901022875,0.48042427899465756,0.5940708034356688,-0.2527653248627396,0.11140888641034041,-0.6196699991948659,0.2879996233975455,-0.9234717986125344
-0.09485433418864009,-0.011371098509641686,0.6706700584250962,0.08662187745091243,-0.3040761544024395,-0.49474289034168795,-0.09531792322491861,-0.013883736047325623,-0.08246513269155997,-0.07576357884852147,0.04506516497661606,-0.10809075709755678,0.04258571403490419,-0.030118479527907915,-0.07381550349412402,-0.18345937952316804,-0.4003365875725179,-0.5082855698077153,-0.23922322783787353,-0.2232059157906502,-0.7845476952535331,0.11515989242502145,-0.19815706199917016,-0.21849716585451429,-0.009533587220720063,0.17518248115660917,-0.024555540284245114,-0.009892180472860779,-0.249959551117785,0.06216477355577443,0.276177621962012,0.09277451609422172,-0.02631136047756044,0.10269312148780974,0.033325740366716206,-0.25942315864587795,-0.20202379664287873,-0.13134091886585053,0.1016107869876326,-0.12672382561168816,-0.012380572086590713,0.5718218640334882,0.5426588812581365,-0.3068627412928929,0.40131444478166256,0.4596449685216939,0.010433923117955768,-0.9702819180251766
-0.10707139263585497,-0.02757730897739341,0.693813329090889,0.18361097793373626,-0.25358892418541834,-0.460621731010588,-0.12038515032679864,-0.07173490534440419,-0.08000609443874418,-0.0325404488604194,0.06798132045455141,-0.18538528580325064,0.04094435525149387,-0.023122725217455176,-0.156941466951818,-0.21687960855238475,-0.2888925546508547,-0.5349131657358932,-0.28799499362517944,-0.17468459150522953,-0.7867277347354363,0.08159134148529446,-0.19661995640000351,-0.10905481804152428,-0.043921009238508946,0.17939669399482083,-0.09189412125164853,-0.002389877851526001,0.0223673308774337,-0.015192929944826683,0.28037847049085096,0.26373933571963537,-0.018261067826901844,0.20908770024727885,0.04303322849823443,-0.2165168066465445,-0.20339345651872132,-0.13291052376246282,0.11840535573940869,-0.026538905413149294,-0.025811339957980906,0.4763617492767389,0.42967636453043023,0.1808371331626648,-0.5985588824126642,-0.005317845930380427,0.25047877277493935,-0.915215699868202
-0.0936813791439699,-0.03241543477980091,0.7129886360367041,0.2539361515792664,-0.2325401647371902,-0.37224975754388023,-0.12888178212536716,-0.0701326784189299,-0.0677813101098953,0.03502750287264789,0.10409001343367108,-0.20074218183151438,0.01859409032627579,-0.03662098968857985,-0.1800128704745524,-0.2576947751216584,-0.26784771962910636,-0.4995005224831782,-0.31936237017537894,-0.1764985801454425,-0.7712631961658112,0.054442625949697065,-0.21385555936036804,0.08803726977832294,-0.22672008460786253,0.23653902100131408,-0.08360590159322001,-0.009276553452171488,0.3414632780404476,-0.072682817517708,0.35538193516629835,0.1387723642292309,0.0015154310999370146,0.17759438574638464,0.04224863743847029,-0.0536674213489855,-0.43237507490454163,-0.1825389656191636,0.11901067790350717,0.04250504247332065,-0.04505123021495128,0.5299291513523665,0.3944155994396563,-0.22439702317141996,0.5130319464958584,-0.5615536082642982,-0.4713894971857162,-0.909621252260615
-0.0747321787858225,-0.028911108916488515,0.7106125122559532,0.27440897109702145,-0.23059535306581824,-0.2696499772444666,-0.13622439663003028,-0.08497990224307927,-0.05805897629191514,0.11632515479223748,0.14922263234612254,-0.14067048788565317,0.006146790432728588,-0.04403059367928053,-0.2362473016542278,-0.2909324919665389,-0.36337812862647545,-0.39619036718873746,-0.2182908825079647,-0.28998052879210734,-0.760749511156348,0.03321583388771221,-0.18439828031157268,0.12899783871451853,-0.39859296453276083,0.30294289628475957,-0.01348293539927592,-0.001717518296952103,0.2969344664759128,0.0014407152598843176,0.4233928495475443,-0.1734344792060084,0.02250851152808364,-0.00012554036207423902,0.022105225302454956,0.004953810346213228,-0.4600319366607578,-0.24738147930952537,0.12110251671354266,-0.029405389672392257,-0.024829096399010875,0.609127630622643,0.3711709477448675,-0.18090665798423478,-0.2824338565425254,0.7583646086234488,-0.30875500847674,-0.9140670871263872
-0.04835158017472352,-0.017137984418575503,0.6807565288056465,0.24064735460528386,-0.2412481276906202,-0.16765313957428307,-0.15211772742738028,-0.1598324675951014,-0.05437278598128259,0.17320916747531867,0.1791086682331573,-0.05527255786509444,-0.0017441544111136409,-0.046055068886817985,-0.2452196507528306,-0.3186826662008684,-0.3615823370314686,-0.26536124606080913,-0.29282060133963383,-0.35556688231177325,-0.7406372864655245,0.03494220206929355,-0.12125813324172574,-0.05016888681697684,-0.4028620749199978,0.3360461136402464,0.08401730879526115,0.018107901985447983,-0.01928191376457211,0.10970448985574421,0.4269550836590197,-0.1331996980433836,0.025042946997400728,-0.08656968294641454,0.018151251259932666,-0.08370752388457048,-0.30594000014851097,-0.2701205679348442,0.13941769168158524,-0.09031635784345371,0.01603330010263515,0.5627078048314962,0.36994561994882913,-0.15451101980051263,-0.2093722760119725,-0.7637723170283538,0.3940470027881826,-0.8113547839859035
-0.030801653161070308,-0.001410040826116843,0.6341061551398424,0.14877507257303746,-0.27378255439087407,-0.06576255967638234,-0.1585392615620732,-0.21729578089024526,-0.05200414541268272,0.15975332575900958,0.15624360545208082,-0.09414291264071195,-0.024580251934755104,-0.04943187714546815,-0.08448887148829942,-0.34083895526433683,-0.2664206706836525,-0.2762750266515449,-0.36337005005810596,-0.3722534915320622,-0.7062859983190886,0.05372478913788381,-0.09458014345406285,-0.2154386375132431,-0.2833753363546022,0.33698768723520023,0.017043317669404257,0.0416267321289272,-0.17705340258948388,0.10460306465425462,0.41066790509921214,0.04550268898807386,0.01280095468256559,-0.05736370228023169,0.051944773837449665,-0.17300516081104766,-0.23161489539125857,-0.2527606367487206,0.15725605095013662,-0.11765317327245761,0.03535582565225548,0.5467026223616605,0.3873530906405942,-0.4731250605198064,0.502959029485762,0.40135328565176565,0.1457322542615822,-0.8427606073260228
-0.0699923852319243,-0.013784824583568,0.584971267116905,-0.0014704033783135007,-0.32965898035088426,0.014072223715839938,-0.12437735644364922,-0.1061024111630382,-0.05022370498784823,0.1085782181144821,0.09349177912088114,-0.30671048722126026,-0.04195096465866932,-0.03573847673802588,0.0796857178344208,-0.36128652673479367,-0.17682968071726768,-0.3464968710574323,-0.40793670365044,-0.36917216177210077,-0.6644550696924973,0.057154159524526627,-0.1283475072495288,-0.1812371715189417,-0.2073232591823182,0.3309555982806802,0.016845173620333664,0.06893895786607152,-0.15000920411163687,0.025289834939894007,0.4010398135723052,0.10375044989966864,0.0270970258459593,-0.02889786150263629,0.09545434055148294,-0.23491600696538228,-0.24486190363338145,-0.2134407004700516,0.15310001874187318,-0.09762727926561998,0.04117633649021024,0.5480832769846973,0.4279525432455884,0.31106135961072967,-0.49272911037592515,0.050442728975936824,-0.3600909402174409,-0.3526436768888326
-0.1676919208207377,-0.09815087878630291,0.5273241767686385,-0.17306640822913555,-0.3560245859104919,0.009823153643580218,-0.07192332503013221,0.1247752766978345,-0.0651438377352932,0.16163654582642728,0.09332503197355146,-0.3797287565868971,-0.036473220115936344,-0.015399232777521532,-0.07570334919441457,-0.3784676968501226,-0.21287256199275673,-0.4033307121166031,-0.16747075883375717,-0.48215321637246955,-0.6637985734528613,0.018404467665165347,-0.131422994587318,-0.15687939994884292,-0.14432799184133405,0.3051408587636333,-0.02411926885036131,0.117437300171789,-0.08461113894231365,-0.038680954104537424,0.37347593256462996,0.04387510029077024,0.023936309052304594,-0.0016406942021842674,0.11129219533937218,-0.24116968806145633,-0.26026072062703376,-0.20759576346560038,0.16844363591783384,-0.06845361831950492,0.046962090354966346,0.5642416460523263,0.46659485389604916,-0.3724389504659543,0.09255552994933991,-0.3985184761742867,-0.22889437037733307,-0.3214975364707273
-0.2352699704752642,-0.25126454835953127,0.44913337292105227,-0.28981944937188586,-0.2715105161993713,-0.1098962267911624,-0.08175875078512163,0.18309604718576544,-0.10618205560363747,0.3215477830706879,0.1770796686106939,-0.1302274167517924,-0.07105507163768088,-0.047841491059149255,-0.29306541428031907,-0.40639298977363725,-0.12277448215584619,-0.34341549656848225,-0.25440716693945387,-0.4754724012560564,-0.6699166330840689,-0.01436456563525379,-0.11269084766890147,-0.19283216697070893,-0.07540875136429481,0.2846009663795064,0.02100771145325142,0.15826732825327228,-0.07323077320184301,-0.07242315291848345,0.3450014444475442,0.036670023323500445,0.01001565689552164,0.032166363434094736,0.12021056875207603,-0.2360960509643777,-0.2689379126694801,-0.2224521188095081,0.20077968507487864,-0.05919683728660885,0.06154081146703039,0.5093526761108116,0.4016155511887185,-0.3019604815054705,-0.1934257699367019,0.47142087659140963,0.15312553609017,-0.6908243588904939
-0.16608029184825857,-0.3884931810926545,0.376784632759547,-0.29884177920662613,-0.07647266247838191,-0.26013474156265215,-0.18129910311787756,-0.05626039696671248,-0.14573375046011905,0.38016754668923247,0.21074078433479881,0.08305839109540658,-0.18344558399783462,-0.14705820280580595,-0.15564830402222785,-0.427763625156773,-0.036406372424970024,-0.37844441780022053,-0.3014521471619339,-0.4302177046381247,-0.6623636910111008,-0.008077489425659556,-0.1304863034935413,-0.15893598015717436,0.011745969985148097,0.29317097955046023,-0.09134526251554098,0.1831209237914022,-0.10265327351461173,-0.07587757639480486,0.3394803687800658,-0.07092663459660709,-0.0270765006575725,0.09562605227679621,0.15311940586045836,-0.25683065765804036,-0.20681187528435097,-0.2605754473321036,0.2534709018056358,-0.01944455149815727,0.060621970343467835,0.5705417655553238,0.46634815902598326,0.11987355081675477,0.23242963951454376,-0.5600011114267579,0.2654717255392809,-0.776816164846877
0.04649873604232835,-0.39663424890490173,0.3655229525151731,-0.23395247523701967,0.11333631950323153,-0.3019251008098719,-0.2844655673377322,-0.32380186287733537,-0.14449316109933252,0.24131311499931463,0.11676470874298461,-0.07415908633115964,-0.25704290965885923,-0.22286580251190746,-0.043964205450397253,-0.42224505076052377,-0.18755681882503505,-0.31899019457926436,-0.20124373656076,-0.45273139598953727,-0.6551097182996337,-0.01869719405997483,-0.19270513260598043,0.23873568444684712,-0.003330369480717077,0.37092731055834727,-0.2975411463931804,0.14548191429873625,-0.1430121754892676,-0.01696365741073369,0.37056862844010796,-0.0494222430419714,-0.0692927633969006,0.21602378138331146,0.16210530798005007,-0.21215483654751643,-0.19514203022468923,-0.29025320070993743,0.3137495768995746,-0.0683808257185774,0.037810155465621165,0.6672213966089313,0.40198330161859364,-0.4210653098303292,-0.2429282484803269,0.5255359918347169,-0.1477843834795689,-0.9564558775197792
0.27192886916232006,-0.237259402742375,0.43693819740950235,-0.19296869795893867,0.18548177003229327,-0.20635325489764134,-0.2873184387718035,-0.2825822436136405,-0.1043714180574149,0.09246560945529558,0.007355072996555911,-0.34989763096410365,-0.21138661001345205,-0.21258019056274657,-0.14258998935365352,-0.41848111780401265,-0.39480827702194154,-0.11193677574591487,-0.3021984339481424,-0.4256181542995936,-0.6323547949613977,-0.023033657955255138,-0.177494794002505,0.1855598702467287,0.1106460092382695,0.4065860891667439,0.26969955299746085,0.1865066569165057,-0.1392550268533258,0.015684907581819063,0.3589825561097133,0.008292631230795156,-0.08377877723939209,0.23704127579014278,0.15335888578683998,-0.18733279388953006,-0.32811429732177866,-0.28436790202072804,0.3196966401316397,-0.07100495520118122,0.0242137914161189,0.6026980296194078,0.37836516223935046,0.16964841456896895,-0.26300482315737184,-0.4585276473245766,-0.5292868644456075,-0.9288472746237808
0.35101433603000953,0.006182271110736437,0.5354019896082185,-0.23634413706033486,0.16628837122015416,-0.10021600182141854,-0.21180644866028375,-0.021846373572296796,-0.07221353695186583,0.11188050557061913,0.004995994699699802,-0.3301426506909616,-0.09102105506813629,-0.1442947117250425,-0.30352621073009056,-0.42670220883856225,-0.5145917820912367,-0.0742552688539696,-0.26715798162640436,-0.3863800367626241,-0.6215087529134952,-0.025878414772012026,-0.11206798126065742,-0.1763651832635873,0.26608417361455317,0.36648523686511747,-0.15387359477147777,0.162861095318513,0.02986397608363789,0.009996628517245698,0.35943097980157956,-0.032178282123480395,-0.1523664729602442,0.1818913153874464,0.12620496898488898,-0.14741511436949017,-0.3909248795157797,-0.3019959524428387,0.32891218176241765,-0.1033114716021839,0.00767763681873701,0.6770530570393727,0.37752544135037414,-0.41216948407297305,0.4556588640286683,0.14287127591901916,0.24519902481296207,-0.891131986315461
0.2382168270714955,0.20139463667824664,0.5909805905552046,-0.3300498895159998,0.16207357112286735,-0.09408617698299349,-0.1607322949610065,0.12630196876080313,-0.07913331208930108,0.2074814305055077,0.05668827044995184,-0.09262108037001626,-0.0021094432771675553,-0.07992150762539463,-0.2298852128749943,-0.44239546862726864,-0.4239137087421314,-0.16294907570640305,-0.4187691912538778,-0.2059260205376261,-0.6057827441603401,-0.03224241545408313,-0.12440238761526612,-0.12007743148364414,0.21643477754012963,0.3919397919626513,-0.0618385394178973,0.18309261479915273,0.06983913665255104,0.022665019104727513,0.36181369598696245,-0.022164075118218385,-0.13688672929817303,0.07208415628788423,0.10938845365502958,-0.14195815885383856,-0.39663529779929174,-0.2842013915564454,0.31188096794935793,-0.0654303886628026,-0.002315615276404559,0.5982387476039832,0.309049166547922,-0.13435118863178375,-0.3132032127504273,0.0794540658344165,0.4919354159797762,-0.8491835106482843
0.03150000543334808,0.2756253724972326,0.5886873128830477,-0.395099111186893,0.22065352058429166,-0.15947918225133573,-0.18357947493715365,0.03369416942646253,-0.11121054316212164,0.21004380618366114,0.0505985717912254,0.03714656568597574,0.02645381750091924,-0.044417733698967954,-0.06719049885940409,-0.43261715542536405,-0.45151411845405887,-0.35323655478937366,-0.18883908192075483,-0.14899239042604162,-0.6226172321660977,-0.0431068554812607,-0.10550071669254246,-0.1406738254824519,0.16200495908132884,0.39693475874048834,-0.07907218533935079,0.2255261193594118,0.10782163174851123,0.005468351523965298,0.34988285119037,-0.008818978414384171,-0.1359655889928899,-0.0016750918463540598,0.09237861658260993,-0.19315374044420663,-0.34911470837502456,-0.2849717823673531,0.3073700909332848,-0.07132693047140892,-0.0061268394375513235,0.4795624504307838,0.35917852246246484,-0.17232442420608174,0.031550406744948134,-0.3538883433360417,-0.5724473965054665,-0.7627450658762609
-0.13751565852285175,0.24584413696221374,0.5609687989108976,-0.392778003521725,0.300233415407829,-0.19901455056845818,-0.24257052086993625,-0.15145216040857046,-0.13890027210457456,0.10199268100147041,-0.02946127621498329,-0.026784001132104995,0.03224538107828967,-0.03187237262990528,-0.13188284219399116,-0.4085526666003204,-0.4067684660138672,-0.40860433779672967,-0.16790261535717632,-0.05211974618651116,-0.6513630503479759,-0.07257805316366095,-0.06880800603711956,-0.1584156689169578,0.05549563094871224,0.39573180535820107,-0.030317886600932376,0.23755316568338491,0.05330014982580389,-0.0060355054914579265,0.3469396590297713,-0.037249075856051084,-0.12086070892626721,-0.05453600832125349,0.06892599053962156,-0.27689568576908696,-0.3202644102146526,-0.27224235943767516,0.300324362510727,-0.09596444632009582,-0.0042423349805160715,0.3629350576567538,0.4132096764971134,-0.08019183798732243,-0.35572965604268925,0.4162507692338344,-0.6036296319998715,-0.70883220352817
-0.22512398367094466,0.16159847148863737,0.5422809743696053,-0.3491945855197083,0.3371664416605693,-0.16627120222198277,-0.2721034420421773,-0.21245141830099545,-0.15001413208530856,-0.0264964246296171,-0.13099819533870238,-0.1676357456651958,0.0007441252941919885,-0.051247134491616886,-0.13961431003678126,-0.4016487757615058,-0.2797387859260084,-0.4458101037161538,-0.3492468040618344,0.0970707553979786,-0.6452221940389999,-0.0787976090063559,-0.0782779741161107,-0.18562716690662673,-0.017225085180334054,0.38551534837654233,0.013742530854630397,0.2324989887304263,-0.0449538060186917,-0.024883035491216954,0.33248817785204543,-0.044202767324870496,-0.11587048397317234,-0.031403779642149576,0.08017303460205771,-0.40667429674847877,-0.2067983602837098,-0.2622787269229533,0.3009620030373725,-0.05704579528576048,-0.005052337760825254,0.33541294023280654,0.37446821359963867,-0.3226288576578492,0.16830448762322492,-0.604866843995802,0.5850435201635467,-0.7639071173081039
-0.2785452269413541,0.039752356319948,0.5365346575347543,-0.3082885079145574,0.3231529505840425,-0.10875962797097605,-0.24927510256029684,-0.0791491133450909,-0.15490965357195263,-0.11087491893853862,-0.21529326296155282,-0.31904874401870686,-0.04794238656146099,-0.07753968174268788,-0.08451276822067133,-0.4086572700822706,-0.2448055048022183,-0.5299844796820343,-0.3705597166479644,0.16323757436784447,-0.620700984146049,-0.07647661799815142,-0.14479752743017493,-0.09976435126096383,-0.08022252375815053,0.3782153816013645,-0.058936071595395045,0.2239613477221174,-0.08623604429101406,-0.04748747782352547,0.30351467683903155,-0.010856618536041363,-0.13390344548588806,0.052859398927439294,0.10541635496365598,-0.4413500371620488,-0.23895579195661565,-0.26602277688151577,0.30768998898545585,-0.034419615006095916,-0.022023401896413164,0.35773815946904497,0.33720934278867065,-0.12365501918655442,0.21464836609526428,0.5729580046452503,0.7163224539640571,-0.3633867237995445
-0.31621538316571807,-0.12092165715308667,0.5275919067442068,-0.27250146158294564,0.30612663613936175,-0.09880055212453043,-0.20892122412834557,0.11789765816855668,-0.17242312418202355,-0.08446145631033375,-0.22876164892948914,-0.3010167517712703,-0.0793610376296594,-0.09342533779086948,-0.2138142783949195,-0.4164638996772714,-0.35431665685175084,-0.5272244152119634,-0.22780827547463323,0.11546134718513357,-0.6175135121983042,-0.0917068974214662,-0.19433482951912395,0.023402528394620425,-0.13282219653334437,0.37991024159811815,-0.05803912356938723,0.23048583322016913,-0.10989307073922305,-0.037430811097408645,0.26530980165216955,-0.038578228173724693,-0.16695766212817964,0.10910531378959387,0.11009013139975266,-0.4047277675780233,-0.26292518494098327,-0.2882734373377094,0.32129315912182665,-0.039952510746896985,-0.03671034677461382,0.3849920583580442,0.2879816344224213,-0.08955893398491843,-0.6229022153272795,-0.42623067733486775,-0.9517553872302069,-0.648334383066302
-0.2839248287254299,-0.28780236410104665,0.5051358625299884,-0.20805623150521646,0.338331847725893,-0.15391894964297836,-0.2122782773645172,0.14020790793499027,-0.20768811916559005,0.01719428258715583,-0.17992586389777632,-0.04979278909217155,-0.11916929146380528,-0.12160507498121098,-0.3448464128669614,-0.423849618617953,-0.4283247110360473,-0.4301777256653907,-0.2487232257369444,0.1102892143806764,-0.623121251567342,-0.08789666838941723,-0.1906333707695489,-0.05596298934261257,-0.1104127100230764,0.37360129085715377,0.041360343827755885,0.24826390925802677,-0.1379660214937981,-0.013015269477973046,0.21868211713643215,-0.005808794333088563,-0.21980839347680448,0.15118940231645128,0.1070115239614684,-0.3613365875408905,-0.27604485117528654,-0.33430042299610363,0.34325891663724817,0.008826499548472144,-0.04308826241773911,0.2709208638091054,0.25989421196124907,-0.18856072995912154,0.258962115535748,0.13996601376142714,-0.5296772593367545,-0.7574249256474829
-0.1521359658491268,-0.39265660595599206,0.4937131455579884,-0.1074468578776745,0.3957252957041779,-0.20074440418850525,-0.25505325820448155,-0.009206953788796657,-0.2352318582809586,0.012163443946748176,-0.19263984679257073,0.049873736922644296,-0.16935987137506658,-0.1330080184672623,-0.07803627230144639,-0.4276009473267476,-0.437072526530365,-0.3724680282369437,-0.47712725854481053,0.20719955981099436,-0.5931433208213188,-0.03838175208131889,-0.23322484777831354,-0.06774391065288976,-0.1559260795376245,0.3881075362740629,-0.051662855978222955,0.21569752422997657,-0.022569388222751674,-0.03443437025621732,0.2154845459529411,0.13501564230269025,-0.2605122185755512,0.15941850141161384,0.11619265180682326,-0.33595108827645825,-0.32729491355037466,-0.3430610870224121,0.3334041385974278,-0.09209369061250305,-0.06186603426074666,0.22516803962757503,0.24302240541998366,-0.11380201720134653,-0.05848677497846,0.005000692446315291,0.846734822104467,-0.7699703380443188
0.03869883934510221,-0.37874926681391485,0.5246575113463177,-0.012142179278028298,0.4005729025451179,-0.16748982403966306,-0.2687632268217469,-0.09669733954442605,-0.23545198638302023,-0.09690170233479944,-0.27656986159498076,-0.11746839799085629,-0.15834759200452775,-0.10017299766516774,-0.02413012533745096,-0.3959420937908431,-0.613538388421611,-0.46841022033245305,-0.07575213128527358,0.07866830388268276,-0.6044713436195329,-0.017518007041189,-0.22904798439571405,-0.1535107173321758,-0.21579421908691065,0.4023422377595147,0.012498015231811932,0.24794098941330356,0.010996061082682473,-0.009406254881972664,0.21280322901377868,-0.06005317075923422,-0.2951715492606468,0.15781974242801433,0.10765422009153869,-0.3499049521032048,-0.2168690901978445,-0.33663656176044054,0.3273321668926845,-0.0843959791725748,-0.06566676004711192,0.35712886095904883,0.26292728661224163,-0.4179821999195158,0.18472297670429794,-0.30433999906060727,0.21643148462342054,-0.8325234875693105
0.1972184828969743,-0.24979334857022129,0.5929001943111147,0.023233236937068913,0.3197238576276449,-0.08132707016265284,-0.21703827714445034,-0.0045229549062307806,-0.22463389399652622,-0.12705078189329355,-0.3114973013939074,-0.1876733422344643,-0.11146965683513543,-0.06528112245749196,-0.26661767717486495,-0.373829109783236,-0.5557626356660899,-0.3390149097293236,-0.2859294032770894,0.12288520326179175,-0.595206940613685,-0.008962599590420894,-0.2232743441880728,-0.19605694854784772,-0.3015148405094812,0.4224547050031344,-0.0727708811054174,0.1972876653838369,-0.12466657676971382,0.08419215421038473,0.22344283379488705,-0.02114785117819573,-0.31493843299145297,0.1672441310743693,0.06569031067958853,-0.2984700745909382,-0.31263008188995456,-0.3197841086344666,0.3160111109982695,-0.08213288580124967,-0.08268443642737255,0.3399051935102757,0.1659704309179304,-0.007707347314799495,-0.5069424375031479,0.4867599472706554,-1.0,-0.9429223261502876
0.24039167092053249,-0.07571558634432429,0.6561983577058907,-0.014903282533066275,0.2066471616055856,-0.035055557114532454,-0.1459724959732175,0.11439651919970872,-0.23165686921119322,-0.051626502087641635,-0.27479623927814834,-0.03577583530474859,-0.10758511557791817,-0.05809091891850393,-0.20785522161569892,-0.3649486874464718,-0.5068537987044985,-0.3582545550127866,-0.3303213530005398,0.12900456850949826,-0.5668436158081914,0.025957740217551706,-0.26424387738163824,-0.13477616715286456,-0.2996856390071828,0.45955773088579943,-0.08228778096042033,0.19107075667625195,-0.18325316839518524,0.12146503690313093,0.2273256332334026,0.03551701061204193,-0.32745822777626443,0.12020693277777506,0.04806258349716841,-0.2515726469566414,-0.32248407286611547,-0.31468991956116554,0.2939037869693404,-0.05493766796155397,-0.0951251808102972,0.2751357615113941,0.23390411187572968,-0.014031665274918392,0.04627307481333398,-0.6735790970779846,-0.21305288741034945,-0.966957818521163
0.16133576451375253,0.06147364749680739,0.6838303690448546,-0.08643502875178943,0.1272866237266368,-0.06632745558418784,-0.11275877794461142,0.10238603573975547,-0.2602012713677109,-0.01364006306232557,-0.26012850499004503,0.05286292989050434,-0.1308513262931673,-0.055786831782338564,-0.07649572979030483,-0.3399277045728497,-0.5268130871431373,-0.3952627926071649,-0.23946149735619693,0.09085142461080697,-0.5539271854154457,0.057583261902335314,-0.27981168660449673,-0.1396383269611129,-0.25878482113471635,0.47632137745854886,-0.0045298487614415794,0.211883573154237,-0.1920682658663616,0.11679238846594342,0.2216969197172307,0.062080373136790046,-0.3341338753709615,0.07702384304669252,0.033256249121444315,-0.26446922606189427,-0.2770384555467722,-0.314504343375277,0.2684514184576665,-0.06420118627530913,-0.09300905690744898,0.15402635545973964,0.22872297171844758,-0.6489819872407183,0.09787268170476371,0.5021549624443129,1.0,-0.942404541328616
0.032255897992697236,0.12767636375552627,0.6868348952327474,-0.14168905544730248,0.08366339169232151,-0.1251531870755741,-0.11199068298951609,0.019727604775662044,-0.29331223566233655,-0.03131179509469029,-0.2801369300619089,0.017975074300411675,-0.13747930241464645,-0.030007091245449424,-0.07634662786175295,-0.30285601384964644,-0.5581021185815617,-0.3663812734177153,-0.17509850794750215,0.04507182777601337,-0.5601365556429527,0.06663221279319242,-0.2685223735249085,-0.1545448801066278,-0.2521709429285115,0.47218475432335727,-0.08195232479025416,0.20268454036199524,-0.15524593481450133,0.09570025552834727,0.22223115904287072,0.09076717920220312,-0.34109788138003716,0.06800008797099766,0.008680420387352061,-0.2814594486410531,-0.2582258075067094,-0.3091056501124061,0.24622392238403656,-0.07132584706134915,-0.09639329780738848,0.1980631138474762,0.2495829627202122,0.343273054325002,0.21367681640187275,-0.5113390855210547,-0.09141060086574282,-0.8895786318504464
-0.08085838341177254,0.12771702309852606,0.6794821257827599,-0.1614677301914278,0.056021110578493793,-0.16855073537777732,-0.12441160915301952,-0.0604339530850202,-0.3210268474652693,-0.05167887187983744,-0.2989719477627447,-0.024305869943733183,-0.12290908559439229,0.013013126374517903,-0.1762795316340502,-0.2702976380677541,-0.5543433984551365,-0.2990147788575924,-0.1811791554702501,0.007115346894023489,-0.571630386649796,0.06365325125102284,-0.2525869386756129,-0.14108286564893147,-0.28169527575033615,0.46944613511866606,-0.058504677470453736,0.19454744538959456,-0.09813080259688622,0.06202405150457668,0.22570390838023013,0.1084022829977489,-0.3318997735550513,0.03659025774118718,-0.018269339666254214,-0.2592784427742274,-0.32720630038711185,-0.2983399089245077,0.21558259701280225,-0.0616580418258631,-0.10226005935555971,0.0918600348345191,0.252083092255446,-0.433822862390864,-0.3527620069596733,0.42981331114518784,-0.9300708876130032,-0.7647845847158221
-0.14820684339181467,0.08308107131325193,0.6667207483574191,-0.15251056770216354,0.031019526674787024,-0.18540779615427183,-0.1422957953520123,-0.12841098964280684,-0.34181659482428794,-0.06436399513355284,-0.3098842225204207,-0.0356067169212545,-0.11104657353989322,0.052920930960894674,-0.22132701665767007,-0.25003963221785475,-0.5019488208916139,-0.24320246549284352,-0.26203993288403926,-0.010509815889290341,-0.570614718089172,0.07323984041132192,-0.24611032730485916,-0.16466994700010318,-0.3145941759704026,0.4635218862703403,-0.053024583804745506,0.18228461184052414,-0.037683062951439084,0.0143902514347789,0.23469805914532227,0.08589073142956383,-0.31890809130587117,-0.027114604662136665,-0.031403726992894176,-0.2617670066645593,-0.336639215184414,-0.2961248740624476,0.1818367940866401,-0.04992971752003339,-0.10514948152051318,-0.006102824057729439,0.164446174367473,-0.07270185305603372,-0.4968436182122705,-0.3569590063176067,-0.20899550609952577,-0.9172627285639554
-0.17379469079024634,0.015942927863803913,0.654275941014733,-0.13335893235363283,-0.0035620654884599423,-0.17763538976958626,-0.15409835751528878,-0.15658781655853848,-0.3545451481587676,-0.09363327961276846,-0.3328014896233309,-0.09138379456842338,-0.1103668253114779,0.08634405241047993,-0.15993633352196568,-0.23829614664874654,-0.42436139135020556,-0.25149017767606474,-0.3245976314830141,-0.02982342696248408,-0.5541230662761234,0.09746298564029288,-0.2641381744061382,-0.1970929032093105,-0.3347282718872362,0.45353303462437267,-0.012798588082176487,0.18201564586154628,-0.07108297734918811,-0.009418668275368969,0.23156837714503764,-0.01404467140565524,-0.30581383047621646,-0.053164748527557926,-0.019566011288362217,-0.3160375781456176,-0.2504251107541329,-0.28962264750668576,0.15652697173866525,-0.06544030298396442,-0.09432625507468262,0.004547385207760213,0.21820715967077597,-0.31805019595708806,0.6867200229785617,-0.14013999298080215,0.8052695908997944,-0.8633969016309628
-0.17548793695335374,-0.060234887058725706,0.646829132818864,-0.12001019677609637,-0.052390912713311755,-0.16010314908631196,-0.14836042588898335,-0.10980097728499227,-0.361965208230111,-0.11521454727993463,-0.3538126813963788,-0.17260509136764612,-0.10808129723607107,0.114907170626805,-0.15767813932878072,-0.22820808881331,-0.3838041141441436,-0.2844616260601712,-0.26704078891556915,-0.10271896245288825,-0.5403693085725418,0.11372244148170974,-0.2948466325546656,-0.1768781886555203,-0.3384392569319401,0.4405583779181532,-0.07994417794731501,0.17825219115905466,-0.1234756201601499,-0.017343679898200515,0.20952497042611706,0.038211634238488834,-0.30777832057969434,-0.019166794949078803,-0.014575424970236672,-0.31157210751414144,-0.2810706103763616,-0.27606073874960246,0.14011912939480675,-0.05983685103572056,-0.10250104897781565,0.05639603898213741,0.13640596182136489,-0.20561380504681515,-0.28553345211596337,0.39353476950261146,0.34278155521585374,-0.6125835150356215
-0.15955092748182342,-0.13725866178038415,0.6409703200297241,-0.113585284743413,-0.09866061271041959,-0.16040513273601298,-0.13643488276774673,-0.036361702201964885,-0.3724378124346356,-0.08315811552924623,-0.33813150120909796,-0.1548675591868106,-0.10699641373991575,0.12909714150471796,-0.2431433597001076,-0.22346966272879665,-0.3530298391215333,-0.2529141321736843,-0.2628010195502819,-0.1756382666833055,-0.5290365528334249,0.12248118934381425,-0.32760941300245916,-0.09742776258530617,-0.32644352779497177,0.4386779091638564,-0.0660662576508696,0.17558093675024922,-0.13089994463969212,-0.03275009564753317,0.197303525597172,0.04109256286932017,-0.30709936743045585,-0.01509681579498745,-0.013941187988906312,-0.2784444463021243,-0.29342698233226083,-0.2743109688229177,0.12393578925137971,-0.04322513213986845,-0.10490710037985107,0.048233951551915455,0.10797175591989405,0.19282824063972992,-0.02833219732486325,-0.5038252896331004,-0.802690408286242,-0.8665842427011609
-0.11492602188981982,-0.1993583353539008,0.6330961628859042,-0.10238097302229987,-0.12005457398714581,-0.18927069004623165,-0.14363552042163807,-0.03659137875213625,-0.3886093374058165,-0.02765091840067624,-0.300789105286249,-0.04791041955976294,-0.12499841915240584,0.1201912551059261,-0.25099390531577404,-0.22156406509338633,-0.32982031287986835,-0.2129082117866774,-0.28411299114786315,-0.23244978094315993,-0.5150596141201753,0.14534768609125792,-0.3479238663295128,-0.09981425166164937,-0.26882613413666245,0.4347057375344323,-0.023549817674085816,0.18136390687239712,-0.11105456256033797,-0.056306113424904325,0.18697888527846507,0.04341777375411726,-0.31679304905847183,-0.015159910751243899,-0.009401175134991724,-0.24800800605429651,-0.30234099806125025,-0.28050642877069887,0.1110405866250408,-0.04550130929365914,-0.10568190518729481,0.024645522360953187,0.18839356010979613,-0.3179727663092584,-0.0777828600814422,0.37162247708960217,-0.5506955676726148,-0.8971477763809884
-0.04609906537937292,-0.22553406079411442,0.6350688966295135,-0.08375145707513243,-0.12719320774957887,-0.21835104284934237,-0.1629931093315835,-0.08361779298061589,-0.39922345636180256,-0.03184424570597366,-0.300558535254305,-0.05467095501118935,-0.14323286440182026,0.11882680218195141,-0.09761519768157978,-0.21850596250645704,-0.3069601596275717,-0.18308523221916106,-0.37933989376896216,-0.24640397782601775,-0.48533441489409,0.18258069455133974,-0.3871749652870943,-0.07924399095931833,-0.23745069535681906,0.4346006571341945,-0.03601988816126889,0.1683726624124824,-0.06970773609278336,-0.07611213290048846,0.19022364091043764,0.03582973692469915,-0.3212802702168769,0.0016943675103602285,0.0035564447577836056,-0.2632737913420329,-0.2509794145440941,-0.27386408245081106,0.09441841898340853,-0.05980839067050814,-0.1053421178631736,-0.005721339158343275,0.0922360597515619,-0.38522476831221686,-0.3921457083562325,-0.3110017718009358,0.5596683474758681,-0.8678158591166789
0.018822056454389946,-0.2079768080301394,0.659722198637005,-0.06982288034422512,-0.14840852063115006,-0.22414751214677864,-0.16317606130493678,-0.05958861498527468,-0.3979997302894319,-0.06604889879887943,-0.32280876352381893,-0.17614878351831287,-0.12035711029785279,0.14706742063917333,-0.06621282585538524,-0.20554360878891043,-0.35864671541022697,-0.211715639646343,-0.22270698435340308,-0.34638284996536806,-0.47357609050056637,0.20102732162322212,-0.3993596799612955,-0.12960396225340964,-0.19586354526793992,0.42023694468808537,0.015367741967289295,0.186296914122265,-0.05889848960749511,-0.07159366278059187,0.17576468117190802,-0.006464864875050713,-0.32259607015389924,0.011905434282159844,-0.0023670119225324138,-0.24565295697229017,-0.3089025463623287,-0.260939658333878,0.07383426456662345,-0.05373684429359127,-0.11316745334635547,0.006055357516266069,0.10501344681503677,-0.0542685437475493,0.4354226217793893,0.002904874461363338,0.4668699395381397,-0.8436776002926472
0.047381318462719424,-0.1648079871116509,0.698682159714374,-0.06917918847964133,-0.1814199825856745,-0.22802438980111217,-0.14248601829659402,0.04218504964390268,-0.3954554952199629,-0.03891074560122065,-0.3046247897823474,-0.20440479242740806,-0.0700046969914695,0.184329737689932,-0.1828547143053577,-0.20230941862264384,-0.3137536115335696,-0.15720406060990244,-0.29671396181516785,-0.37614466559570203,-0.4590065105321831,0.20492511283019166,-0.4080442366661119,-0.14100761969049758,-0.1823194380680898,0.4063500501263404,-0.06510836742602111,0.16634698398952974,-0.043628072022849684,-0.06149217153026498,0.1742808162687921,0.03407074743106131,-0.3152483404270521,-0.01753542822887333,-0.025172946882889957,-0.22518127915638142,-0.33532588196283664,-0.2531769307424119,0.0490477383486112,-0.05068384559133765,-0.11705811347670592,-0.0006399756773549647,0.14708621138805356,0.13117253221756853,-0.09596411042031505,0.1199769235327024,-0.4148663335606454,-0.8937288155356
0.033274383772546434,-0.12558431815727555,0.7309225309290188,-0.06996286630789106,-0.19383423618073004,-0.26017769714215266,-0.13598367475477902,0.09745542626344905,-0.40229696414253713,0.03627162871640577,-0.24991381896944942,-0.09922732379791621,-0.03642126991885031,0.20729259044312354,-0.1669354662568051,-0.20820064428974694,-0.2638880744906671,-0.16244521307862902,-0.314536522185318,-0.41072969278749283,-0.44032128564138884,0.2158415502424198,-0.43167057197297665,-0.08882517058796546,-0.15873730465806435,0.409388893947757,-0.04293231332871572,0.17168738405441908,-0.02458617938045482,-0.060918510822722705,0.1767235754485703,-0.00951092174329915,-0.30460749583796676,-0.040262263506058216,-0.026900959155214066,-0.21327051893029914,-0.2806120368643319,-0.2522780615985355,0.032600814556867475,-0.03760495508810213,-0.1150171249576909,-0.04061198492236995,0.05925271712110991,-0.3496519313845904,-0.026540465873092334,-0.22811407217514834,-0.22616069891862234,-0.9514440366504696
0.0024595104588178707,-0.10342821249710477,0.7500108833940107,-0.0518613471060384,-0.1734624888220384,-0.30570243245705664,-0.16310182460606448,0.04263785556895794,-0.4126197676526866,0.06308172892888009,-0.22312256119586915,-0.045926782384913434,-0.020483507467238926,0.2171875024354213,-0.09103167391455858,-0.20792560790413284,-0.23118008807116475,-0.18727158792598486,-0.27940234370077355,-0.4530234447016006,-0.42704570351328586,0.22871946567959656,-0.43549228266880946,-0.10757945237654487,-0.11280714438888084,0.4048540118443582,0.008702558503868474,0.18928349842173287,-0.017328473651041842,-0.05863625938274486,0.16990548826431806,0.010089625810690839,-0.2995643343151325,-0.028680697570965585,-0.029190570491771095,-0.20565630203312923,-0.283462982449064,-0.2510436391120334,0.02057966200371042,-0.04007626682612975,-0.11807478928706461,0.0014185304439542357,0.06534392238697628,-0.0865277679888996,0.1378958521885516,0.15515968156474247,0.07359272752403467,-0.9869609133724254
-0.013994518445723192,-0.08668957278311507,0.7695041130271287,-0.013075637496382853,-0.15154556748149883,-0.31922170088713453,-0.19829487008662106,-0.032690145462672016,-0.41437936406204456,0.03281282728926915,-0.2343365447215725,-0.09532488714506226,-0.0033208542801014262,0.221408321686134,-0.0844127801819986,-0.20205892078796306,-0.19406760673523804,-0.19990498292516812,-0.24062127355023044,-0.49489438765960514,-0.41934255008545596,0.22896644060294613,-0.42954749728125774,-0.11126765436602248,-0.08334120392614863,0.39939508510959865,-0.04835527192866862,0.18798743104447313,0.007663359104577383,-0.055159482603683974,0.17769709544374868,-0.0032672315592475742,-0.29375089316023273,-0.026880613662988773,-0.03983021101776241,-0.19659994160382877,-0.28554378194623586,-0.24835091925643082,0.0074299655361942385,-0.0515183769358839,-0.11966171069179421,0.08373863073336962,0.10988038221813778,-0.27092100831202026,-0.29729127570979885,-0.19552144050948372,-0.3176513183758225,-0.9657601940863044
-0.01809335412289048,-0.06573453744973434,0.794685065005144,0.025561082739016028,-0.15697899755382894,-0.29052704655834116,-0.21542404110452795,-0.048648647857086114,-0.407979354148464,0.0034257541369075994,-0.24791431084149929,-0.14751377592222803,0.017181941819024438,0.21766021544706327,-0.14400009028156258,-0.2006219606504761,-0.15861147852682944,-0.17221186704648384,-0.2562637334536916,-0.5239220493500267,-0.40817664730557845,0.21790779780673386,-0.43194793621909655,-0.025541523694556312,-0.06943636124209784,0.41042991711041776,-0.06469016137023187,0.1780126382292928,-0.015012423621162507,-0.03150763499022713,0.19502428466967414,-0.06285053184037792,-0.2773775889178077,-0.051183946289172666,-0.05290680211581489,-0.1621526234427867,-0.3150487778474004,-0.24310388635429003,-0.008205044508916903,-0.041233719936921376,-0.12658381496419957,0.10356709695968558,0.05432897022686123,-0.18612733698795025,-0.009944198664586068,0.04251325872123224,-0.08095172149124541,-0.9329203834690674
-0.027203663776676934,-0.046809943504223184,0.814361668476453,0.045465290413063686,-0.18666308391943265,-0.24863418658865577,-0.2185038902085219,-0.03330801018550622,-0.40370780542162377,0.006427765072254843,-0.24227261469049133,-0.1237316687768294,0.03111352380028487,0.20270348381752368,-0.19382261830162484,-0.2041466883929266,-0.15934036858862266,-0.13192639805906403,-0.26017057367152296,-0.5527432620111812,-0.39588624915736503,0.2074159546884924,-0.42258026118081493,0.017188929798030772,-0.005844160103440688,0.41937713528484344,-0.02855064612837499,0.1810012958407896,-0.04537190330691909,-0.009337295807628654,0.19859609049644233,-0.05016114226738211,-0.27194574011369077,-0.04992294010602172,-0.05915414418191989,-0.14869581624064798,-0.26137187860368605,-0.25522933022921956,-0.011223390186726245,-0.01847164906031351,-0.12420855253239882,0.052609426709815166,0.0642983782950417,-0.05394252654337284,-0.1401071092723063,0.00047983689307984356,0.46179841780012487,-0.9652910257020876
-0.04573016346620118,-0.0407563034737084,0.8181230883857169,0.0444354345482183,-0.22391627518761514,-0.21763529397434211,-0.22335711883176612,-0.04523443317280362,-0.40704935506928874,0.014317803386609151,-0.2350288218722143,-0.0710737020918395,0.032179878993981115,0.18081282550912925,-0.17746822775919135,-0.20749566672737374,-0.16031241818834374,-0.10759869957423274,-0.2864495655144005,-0.546524641277264,-0.383934365574533,0.2016701858439529,-0.3981386628261321,-0.019194069074854214,0.08561443266207602,0.4148368613503437,-0.004480123994818452,0.19041849888301776,-0.01613359048740315,-0.015514510972802986,0.19938704519417705,-0.022169847067065818,-0.27227762411794576,-0.05351453513440585,-0.061786161559883035,-0.10785622770847714,-0.32651429222573314,-0.26795873464502973,-0.01947563239111416,-0.023403066296615482,-0.12714506092633604,0.03397230422996089,0.039209268109497986,-0.16279873461183192,0.30610441905353536,-0.21775043062778865,0.19446338115343575,-0.9859063714608074
-0.0678348709729164,-0.051953790418719725,0.8093778878650764,0.02778483085976391,-0.2644951170746671,-0.19653999335464611,-0.22889424333107367,-0.0700561447500464,-0.4143947361956464,-0.0032620184137056585,-0.24866112998834178,-0.08078162803238043,0.023670134145498567,0.16040199092096352,-0.10994540722111745,-0.2063106152770724,-0.15414153261417174,-0.13064467450787043,-0.29248164955769274,-0.5136762983557842,-0.3746468039576548,0.19383227553907445,-0.37228110541772885,-0.07264741136621944,0.14432191995482513,0.4008291602091829,-0.003209160567763991,0.2024082574389523,0.04449634308132855,-0.041712565442468486,0.2036393936681029,-0.023568598497561544,-0.2614099306244081,-0.10715266766564291,-0.06584666959737306,-0.11094751755617371,-0.3469730182505566,-0.27284359711980666,-0.042227422135456716,-0.032520667331450426,-0.12697209278505217,-0.03191894514247762,0.11560669581734073,0.21100470897986967,-0.15995185213731455,0.38386834975448303,-0.2961729547503682,-0.9364958260021656
-0.09301558459232218,-0.0824068987851041,0.7975564552267533,-0.0005707662085917553,-0.3095908758083834,-0.18342624455104273,-0.22265346080047477,-0.04771867688806797,-0.42227880324352596,-0.025819000754846444,-0.2719470602215719,-0.1532045956826823,0.012460984910253492,0.14436389584683051,-0.0808465695302012,-0.2026997224420677,-0.13886127033079665,-0.1767099551824578,-0.28494178843693996,-0.46773317453814,-0.3694454760818443,0.17566955586678268,-0.35039384504793314,-0.11270904457980746,0.16903510333191352,0.3779983043395203,0.00603114256604842,0.21717788072120348,0.027271931307519592,-0.0499332601929936,0.20102118213768794,-0.1141184821531962,-0.243277953396291,-0.15056136732165626,-0.06331266684939019,-0.16776371784600508,-0.2824162483030008,-0.26955555682471377,-0.062425927877912346,-0.042760219990246484,-0.11450204875215153,-0.014950072353799526,0.11173394592437491,-0.4456128498201557,-0.22991354100842754,-0.5417469720692076,-0.49410748828802076,-0.7491996568390975
-0.11374800160425913,-0.13184293208001452,0.7843203866383524,-0.030629433442891152,-0.342631719972627,-0.19409927758830559,-0.2111889442950795,0.005959500547589425,-0.4344064622604231,0.0005436421204156883,-0.2655827933582898,-0.1655971439407915,-0.009454212125210693,0.11581732842377623,-0.16067082349139883,-0.19867447635920144,-0.12991207753255019,-0.22660478723143873,-0.2152574805675207,-0.4396687018437766,-0.3771717169890726,0.1433108806220218,-0.32557153479441747,-0.12652323561696643,0.1895398686299099,0.3516791698887176,-0.04591542714317909,0.23254505250857926,-0.003710283125182623,-0.05644551696434119,0.1806190637698628,-0.042527200406264454,-0.24168465117411464,-0.12403158335771758,-0.0668524543185357,-0.1884734787394967,-0.2772829294721626,-0.2583963519295098,-0.06964382104722167,-0.06276788346597761,-0.11028534846027616,0.039926497741652245,0.061135276861098875,-0.1478255158872378,0.33139813803222085,0.3909597799670703,0.2976550297992204,-0.8890055112463061
-0.1062721215890352,-0.18594872992427858,0.7685007276413138,-0.04424312133355346,-0.33830892736640383,-0.23686452130221058,-0.21948284874651958,-0.000592088902404253,-0.4522411704124083,0.0676486962958529,-0.22864926910081917,-0.08102298573364852,-0.06627225821585281,0.05498229678830002,-0.2242178456920153,-0.1978710587870227,-0.09328537948172055,-0.2324225493541724,-0.2549044529844763,-0.37218608332971015,-0.3821731641730426,0.1155037389920639,-0.3133484785077185,-0.08095473432447009,0.18559387129709037,0.34305599617538585,-0.05366298196724628,0.23982838557856767,0.04707492266781421,-0.09573591848452867,0.18365042170912727,0.005027683338122646,-0.24045481373384925,-0.10796764453820029,-0.06677545398274498,-0.1775044933756308,-0.3058241521935997,-0.25141819409221056,-0.07902408154716634,-0.03525443649256155,-0.10746723861489837,0.0918686579572836,0.17672500223031462,0.09815663437282196,-0.28247625244056895,-0.2515427908489698,0.26414102278117824,-0.915926369417336
-0.05866637830101229,-0.21616255766942727,0.7615788593148225,-0.03407188764142555,-0.3017519367132685,-0.282446905085883,-0.248185478616747,-0.07020263611145239,-0.46450557857520525,0.09868274418045009,-0.21221513970605954,-0.06222021133114963,-0.1391186160204001,-0.006412395210882993,-0.11935753349844036,-0.19608688107264627,-0.11896128810752649,-0.207486167871494,-0.32645425089825275,-0.3055728832297765,-0.370555488869171,0.10605569725938113,-0.3309309077855367,0.03886951161040786,0.11227108129735996,0.3597098692323897,-0.08183598392043434,0.22405893995578552,0.15126243075708667,-0.14352354748764629,0.2179451395398384,0.012330411426540122,-0.23780750978642373,-0.09146991729514764,-0.05830474051476886,-0.18445856855493836,-0.28732207913443086,-0.25021332311847966,-0.08989769489109634,-0.03779462122887767,-0.1076005259431041,0.0035920837466236755,0.11087081192945214,-0.5223175435521379,0.06186879514369803,-0.09456394378328781,-0.3828386296165145,-0.9594685156196116
0.010150188022520101,-0.19975186340169782,0.7782591780679455,-0.014036028973240078,-0.26522042341888497,-0.29611899624208193,-0.268508814453958,-0.10005467959989012,-0.4611156279809724,0.08978289655869931,-0.22245993836314526,-0.1676045114061151,-0.16660407322055282,-0.02395774211561008,-0.08731178316927024,-0.1834859567547844,-0.2424843844624398,-0.1815119431595259,-0.21786486155464768,-0.3305506346476609,-0.3676228507858439,0.09575581726235027,-0.31567735330874214,-0.002499800204298519,0.06201565102972095,0.3618178431920096,0.05394074159823581,0.24116304976554237,0.11135495892017477,-0.12870017853927784,0.2330267997455273,-0.1590717044494575,-0.2347917929173331,-0.082208600046071,-0.05710839926283362,-0.21407537916880104,-0.2808491446814577,-0.25032373335957825,-0.0979856760134108,-0.03598683867147301,-0.1003987051666102,0.05015703218039591,0.10799017068173611,0.23438499696757242,0.11840987706714112,0.24017365245806732,-0.0023274601607931045,-1.0
0.058994887420789066,-0.1418623704399673,0.8161861895224121,-0.0051964838143485625,-0.2457798922698785,-0.28232518484737923,-0.26408961082968474,-0.03446153978030986,-0.4477071465560166,0.11802014085245704,-0.20798760551340212,-0.23836841996848523,-0.14144959562382797,0.0007337078515134987,-0.16838618117833937,-0.1770202571405296,-0.2714074700072172,-0.10701221778738701,-0.29077913662497556,-0.3092012634473802,-0.35860098601009216,0.08468699956810277,-0.2919570114411574,-0.11438023162815614,0.05016732189071749,0.3411596316853751,-0.032255734894736765,0.2231746301050086,-0.019633672860391527,-0.07499059151794596,0.222947810853235,-0.1062883221483466,-0.24128508453316455,-0.061632664396889636,-0.07397786809192652,-0.24091436336268857,-0.31103778588768005,-0.24733878493805628,-0.10363407460931018,-0.04967192522616304,-0.09755935976874586,0.05358636681256179,0.11827959088896978,-0.31585772007034174,-0.3872376274149677,-0.21610536039592532,0.32264579528660176,-0.9855609180759668
0.05625544246605507,-0.07567163692736811,0.8529646265160975,-0.012261302230824334,-0.2238346548325051,-0.274458764222843,-0.25786992756200866,0.04464832021349818,-0.43732877801004444,0.19812770348304376,-0.15545848364715864,-0.19076966829216946,-0.09889825246899353,0.045645600679258935,-0.16888712851549736,-0.1779760915934817,-0.2761397086294679,-0.1051406843271907,-0.3033069817859848,-0.296060991131489,-0.34759133904674067,0.0752193118458655,-0.30383970556407036,-0.06270194527185002,0.048186863869989605,0.3384680533880644,-0.10071359305437622,0.21734552951016206,-0.05578054538263988,-0.06308287567711235,0.2141022614901691,-0.02748600959446701,-0.2409021530027171,-0.05931993185736717,-0.08014298566573008,-0.23223975626975035,-0.31366234610368593,-0.2399428772096489,-0.11362653382547905,-0.049352707294198384,-0.09894792039813838,0.08337202189433213,0.09318338153950134,-0.11157728575177761,0.3329614373539642,-0.10131060366738665,-0.35697196924831576,-0.9683333079710996
0.013145363029957835,-0.03206608487932505,0.8698146677806675,-0.02016396911870244,-0.1778668319131912,-0.2801527842270125,-0.2794206704948977,0.035873920363520995,-0.4327662756648397,0.26385775826538005,-0.10671519852855638,-0.11885325685893322,-0.052844921266087086,0.09804023311589027,-0.14168879362251308,-0.1733145831547389,-0.30933496688912,-0.11174564132451803,-0.25872538498530795,-0.29386684383663175,-0.34742746910526257,0.06579360414140956,-0.3032074273338362,-0.027169072122528504,0.060899180071350756,0.335540611408806,-0.026063488315089534,0.23411846699627903,-0.04203705139265035,-0.07278866012435825,0.20470997011303282,-0.02756426106905241,-0.23819788830602884,-0.05670732602740858,-0.08179421256263275,-0.23067422629833723,-0.2855630200976884,-0.23680673563736954,-0.12149633524910908,-0.04260570063300151,-0.09536922154094407,0.08743023599198896,0.0943331353919501,-0.09880668391816738,-0.1138172980486215,0.2260248758684571,-0.05881855161805061,-0.9964549526217008
-0.027183735532412268,-0.012699769293964547,0.8686612837174186,-0.01815354485933085,-0.1213336294422952,-0.2674407272178141,-0.32510526241472093,-0.05141371051297039,-0.4262130401514177,0.2785536280218337,-0.08749158814309799,-0.08972157945895931,-0.007399589469391565,0.14709030873002082,-0.14432221048087335,-0.1609741748801018,-0.31373713567364947,-0.12501418371825013,-0.22654152350858592,-0.27047783677204296,-0.35725126115308314,0.05722271392804856,-0.2751408185961388,-0.10606619722892374,0.0741839063965799,0.31477499120844965,-0.012330165208030874,0.24527858619651988,0.01550105538743729,-0.0962897321484264,0.19481278825610082,0.028664160217993118,-0.24403646572423354,-0.04359710683902085,-0.09481421608207252,-0.22608174996267094,-0.3182397684023077,-0.23362460759201842,-0.12983770676616824,-0.054277164750078266,-0.09552640987928906,0.026729623834652605,0.09413687773133272,-0.06143105256889059,-0.18789963091872586,-0.22259661856705826,0.34024454067869403,-0.9548752504191192
-0.044804321752712095,-0.003896779619937507,0.8594718402564856,-0.019207768296123917,-0.08636908106020469,-0.21165670812371673,-0.36803431050617197,-0.13323072842930572,-0.4120369508259685,0.2470336273106819,-0.09981113369755168,-0.12008468710182008,0.018624764756886236,0.17214555451663816,-0.1412924511672876,-0.1487060701152556,-0.23765281670602056,-0.1699904803655906,-0.2635706682396852,-0.20619843098108448,-0.3601130602154936,0.051849343614687626,-0.2627597638685847,-0.15835633535969384,0.017649738444991847,0.30084099777137285,-0.025660719937733223,0.2425766922967285,0.14389224771609932,-0.14835436956982628,0.21036761415224126,0.0938558103034377,-0.23847429281527743,-0.05810700186055384,-0.11322825995134156,-0.2302407722726999,-0.34809757348663706,-0.21878759590881702,-0.15224295754384298,-0.07062181686070568,-0.093726889423286,-0.01939302994019787,0.10191300822653071,-0.2843144196013828,0.21502454868778487,-0.10075753182979952,-0.3478982403300055,-0.9527602377620471
-0.059605225870385414,-0.00432509028809025,0.8464352275057319,-0.04796878396378923,-0.09069726668301148,-0.12748246288456067,-0.3844207576676153,-0.13115982360204603,-0.393872924171637,0.20085146692570865,-0.12828930582154308,-0.19110012362165896,0.015417504786594982,0.16577407171380543,-0.11573711356817451,-0.14082570033395514,-0.16175644824386437,-0.22783608119536636,-0.2903383910656455,-0.1568147099060604,-0.34918087319761393,0.04847601933673218,-0.28748698800285954,-0.1013575761607296,-0.09364499088869893,0.30481571759686754,-0.05518515542081437,0.22876289536931882,0.1411318742722194,-0.14605723579255636,0.247654262580294,-0.11872404096914624,-0.22139746679093375,-0.08705996215188438,-0.12174807699031653,-0.2651835109460543,-0.2847941048092052,-0.2036878857680996,-0.16892246235389097,-0.06288416179565703,-0.08202569093202017,0.008112263244830276,0.037781570753391724,-0.08085539385450158,-0.07920407128801799,0.23431520045935095,-0.051346139190912354,-0.8076935314644201
-0.0950319605165787,-0.031114532529618266,0.8237971621455571,-0.11214340482872132,-0.11700062520306564,-0.06160154548641772,-0.376895837991696,-0.05032132533783096,-0.3828697815610531,0.18478832080018992,-0.14314611963820356,-0.22725228951707377,-0.003946923825174697,0.1396475693403123,-0.13480971600971547,-0.13639951066082656,-0.15319052084178686,-0.24405725724150995,-0.26227222667289485,-0.16186246434741502,-0.3354454426524027,0.04243472852887509,-0.3185162826918071,-0.03164798891885634,-0.15994385231630703,0.30817387224082093,-0.010534715809308204,0.22820320944127404,0.0007512710245076715,-0.0911677537890564,0.24235115349830716,-0.06530471529776272,-0.21441251651013948,-0.04637235405874718,-0.14258364751345753,-0.28352731319608837,-0.28437257147438144,-0.19296588402324077,-0.17032853614591703,-0.04724882295872501,-0.07857824025530724,0.01190280029346713,0.06011338627139762,-0.012405615568254147,0.05449089521971584,-0.2886719613399936,0.364152647694753,-0.6731714537717957
-0.14018729020463527,-0.09806175119963423,0.7850702329191044,-0.18971396027851606,-0.12579973968141822,-0.051913392876430486,-0.3729848517465266,0.019294182664074455,-0.38696143761781265,0.2090547586697722,-0.13194229568645188,-0.1741901120074284,-0.02964087129456361,0.10614673976667821,-0.16794976418312058,-0.13554367229289876,-0.1746819085814385,-0.20536029766667963,-0.26719850905625064,-0.17827796424267817,-0.3230237119282524,0.03960923388237125,-0.33479921182568406,-0.03608063606529743,-0.1495604516562743,0.2944562959203858,0.006264842903771495,0.23159453607111247,-0.028734461502261555,-0.07960237721098051,0.23163792170895214,0.020552628876141732,-0.21954022612214175,-0.013999967756235021,-0.1636003987022372,-0.28475277553357703,-0.2932043219295649,-0.19984730593682276,-0.16945302884395264,-0.03439154579459869,-0.069278911463728,-0.10416666814363207,0.06282747711002923,-0.42381642647368667,-0.4075388781500807,0.2357008226808257,-0.39707032676316345,-0.6840461207936652
-0.1552489770419635,-0.19140378590611695,0.737129980658747,-0.24681295685323046,-0.09319741369610035,-0.0915905718936495,-0.39424050884762907,0.004879893175182115,-0.4008677239408508,0.2247350901277514,-0.12288899768586747,-0.10138998645315134,-0.05944216249716816,0.07085855875103486,-0.14146305645592572,-0.13358911444196897,-0.18936399331165432,-0.1843602065807599,-0.268132289789923,-0.18830593572971954,-0.3133764920895519,0.04397871756861793,-0.34076977825832044,-0.10200364292343422,-0.12425706058338015,0.27261746319166824,0.02637180487692059,0.24536446685294755,0.02116124514042461,-0.09588892377554481,0.2278487639612896,0.038638274439647624,-0.22666091459723847,0.005758692784783248,-0.17910783915324935,-0.2922428448503692,-0.28432191995041156,-0.21502199891639506,-0.16841766316461548,-0.03261199868519582,-0.06404832928955706,-0.15902084014418838,0.0387772729093141,0.09024738521215103,0.4115789173738529,-0.4063493381232186,-0.3030865179481631,-0.7650217380692594
-0.11420246751767427,-0.27244779664921315,0.702591484128176,-0.2684195179598642,-0.0359367138871548,-0.13667644141342583,-0.4271262521983227,-0.04790168420713159,-0.4099133451977367,0.1877509971797695,-0.1470014248937599,-0.12207872824337263,-0.07946348574364548,0.04331042593177781,-0.08037300133335812,-0.12835187293491412,-0.19268160925116917,-0.1761182410952048,-0.28431778165754584,-0.18793292889478663,-0.3003089951069008,0.049357477671531536,-0.35837199954539467,-0.11824170386373989,-0.13981189596001287,0.25911017096593936,-0.027128533714190217,0.24422901225980564,0.03664244701881225,-0.08633117670896673,0.2384365288097794,-0.02276300703969092,-0.22799190227316657,0.022145341561470744,-0.1942136237435551,-0.3049356647979673,-0.270098559037525,-0.22499947395416675,-0.16704304999234754,-0.042943674775697716,-0.06207439205010157,-0.22248780258439582,0.09374277564329536,-0.11200891189475926,-0.1497523959675089,0.5895824250533539,0.8318000716519234,-0.8433653483772879
-0.031646006382142655,-0.30599466004987186,0.6997215794841767,-0.26685828564069036,0.012573728032793108,-0.15679194065021884,-0.4416259482876186,-0.04347540493801183,-0.40726709615356627,0.13310575441084627,-0.1837597606663114,-0.20015851360615555,-0.06622654372062364,0.03453279138812593,-0.09419974177377799,-0.12114300230819008,-0.23844780130028975,-0.15588654110167732,-0.24466357100405012,-0.2156114509211875,-0.28939873657905435,0.04378324063969785,-0.3834334446429092,-0.051915320279154575,-0.13784038313630287,0.2577295251037339,-0.053708881283878296,0.244489354562754,-0.10987599364996126,-0.0043736415783840465,0.2384197294832675,-0.17230168328494488,-0.22328164944525253,0.025233973186743475,-0.21449703213735483,-0.3021228437920451,-0.26647265628820493,-0.2329815568546454,-0.1596729067717786,-0.038620785884157405,-0.06473413008608886,-0.14055737742896424,0.04749598879032724,-0.27750512514628356,-0.38894625789643034,-0.6983434343384286,-0.3271830796936408,-0.7189270312728198
0.05340231478824098,-0.283507747655681,0.7239399411593914,-0.26089548359963766,0.04338782665450869,-0.1635135705851135,-0.4337909873814726,0.015756622826661015,-0.40084091666960975,0.1200871772079708,-0.19208112592610538,-0.19880536592085907,-0.021404954200902382,0.039912459303603987,-0.17980063922532274,-0.11784993398249599,-0.2941744351836084,-0.09713215974343203,-0.2527077592969186,-0.2226982542918352,-0.2803150811925397,0.0343439773910601,-0.3936741423700727,-0.019562895208859565,-0.05401971888575585,0.25160214619867616,-0.027661989552748678,0.25325280191936494,-0.212416654012772,0.054929107272688515,0.20837904692546605,0.014182602564356994,-0.23114351771502262,0.05635474506538651,-0.24438137239415447,-0.27959105865572587,-0.2787514065588568,-0.24319504743940112,-0.15015756373096523,-0.041389545970043184,-0.07299093235492626,-0.14726656523866888,-0.009235909196907977,-0.07732073846375798,0.644042723047733,0.376313287018748,-0.6567498933787185,-0.9406496065131796
0.11063540380680692,-0.2190994582744864,0.7579111622153174,-0.2561204376139957,0.06990228251695951,-0.1778087500595953,-0.42515633408174447,0.04426699132131917,-0.39951958066271154,0.13413487478391506,-0.17916277871638653,-0.10964252217738968,0.02834378693850037,0.04788299014008701,-0.18164608737634047,-0.1172797181545524,-0.32119354498420116,-0.07847132281906821,-0.29158535775514816,-0.17990553154749178,-0.27035303673578515,0.03428660710920317,-0.3921337437565746,-0.060621446114731525,0.03969729542502365,0.23951181243956232,-0.01557081925349646,0.2684923014053242,-0.046750347102802015,0.0072204953918955095,0.20798736094604142,0.138878699467746,-0.24548793285862314,0.06379843183072698,-0.26101881599416243,-0.23872570963398865,-0.28945490446785715,-0.25395647057390125,-0.15357805820954207,-0.04958462024466914,-0.08187798301245142,-0.1877970483643916,0.03285552823786664,0.1204087976894932,-0.5019509528588318,0.09824374719494178,0.6195664209471263,-0.9693649250585522
0.1250645307831899,-0.1354850290293893,0.7934396597610489,-0.24984800635034754,0.09401952508494205,-0.1937569881642729,-0.42276181097223564,0.02632312413161708,-0.40101955101662445,0.10975551944879802,-0.1917423254628846,-0.08383736819953846,0.06898829071756385,0.05689560929472104,-0.07260606793393898,-0.11243739249426576,-0.3082428130102902,-0.13763123663735766,-0.3149786870698872,-0.10239045499366661,-0.2584333885574176,0.039708150477618,-0.39187069033975086,-0.13054967734113976,0.040554267869002514,0.22909417507868457,0.01728124172855816,0.28830722049739577,0.11193355913978609,-0.03201944453574379,0.23509082321953612,0.004825531845157105,-0.24166540286054328,0.028583820186072195,-0.2727792693415301,-0.2292149494976662,-0.29637791987384055,-0.253184354443063,-0.17079934937611663,-0.05551659616183169,-0.08939524527016696,-0.22649312875129635,0.0143541691171849,-0.5892826865829888,0.12303452599353282,-0.6008966533355766,0.010819542507414681,-0.9618669265340412
0.09107623576220814,-0.058736045600914055,0.8313473401681788,-0.24195855588544546,0.10223223776702905,-0.1966145724844196,-0.41018620412355156,0.03803007490973598,-0.40109543809436854,0.05372187869369682,-0.23029794229079859,-0.1566835180405367,0.10899191794436569,0.06859989694598978,-0.02901587415345086,-0.10137118716704785,-0.29309249473125065,-0.22798882189119196,-0.24885769236338073,-0.0592541759052716,-0.25353034801468,0.02957817897000492,-0.39397049875705537,-0.15163550691643735,-0.035085785777053125,0.22135707698190332,-0.032378816954106715,0.29925833626142606,0.09983747616507399,0.0007305116181597349,0.25026682779499954,-0.059727159630889703,-0.22975187832319832,0.009615621076727088,-0.3031044469405765,-0.2491984819706039,-0.2807921432453734,-0.24515980628071488,-0.1846013751458695,-0.06208048342496553,-0.09700769264563303,-0.2516906240533806,-0.007645628172194607,0.029525023816072915,0.01175654511408375,0.6650911127168966,-0.7368533756835104,-0.891309851330539
0.017508299461529875,-0.015675778202403068,0.864632828715417,-0.22978079852398525,0.09886090641154488,-0.19849937101719717,-0.38627271882074543,0.09200304930669567,-0.40540787178831705,0.035747051469610325,-0.24743446484268616,-0.1777781314747523,0.1350226110451731,0.06131085229839894,-0.1254031579640672,-0.09357516735095128,-0.2438502398631407,-0.27717050318295955,-0.21373731799572337,-0.031548688825021154,-0.2540498010390141,0.004714130659078997,-0.38970806426855253,-0.1511765800170417,-0.07948030866812861,0.21353974249531338,0.006030782275794566,0.32184951433255815,-0.030017724921722166,0.06253135390847486,0.24652955768214313,-0.09351140517439482,-0.21419140807061,-0.004023252015962209,-0.33748925820713704,-0.26267815636528813,-0.2690482038134392,-0.24263575758152356,-0.19275242731995923,-0.047148613112805715,-0.09566349920096817,-0.2990585831154141,0.06664861762821417,0.15127853342353204,-0.3591926975865294,-0.46180623723662995,0.3754102581380683,-0.853416698007141
-0.06375189479670995,-0.019505776710697198,0.881163137073246,-0.20097100371782384,0.1079184876566448,-0.2181084503493098,-0.375986436884305,0.09672654009112391,-0.41993668632425496,0.05904508948250986,-0.23611529038915535,-0.0864056097448539,0.11725744680450867,0.015470353458044261,-0.18452444800358858,-0.09319828417748133,-0.18246041717962636,-0.2893031536008679,-0.2464681780908441,0.006371125294221347,-0.24962692696150823,-0.015512955384229254,-0.3966380192851944,-0.09402852744515411,-0.07528295793830941,0.21239496930844703,-0.07583807313972568,0.3284258057229519,-0.09675405923301705,0.08692030120692529,0.24448929273100606,0.010437457494390623,-0.21632549623394404,0.005235494684657338,-0.3628581489183218,-0.24409761553598286,-0.2684208462645822,-0.2531843326243445,-0.19318373078517814,-0.04277448476298451,-0.1041732166313345,-0.31084938494495185,-0.004719054223973895,-0.6879998109843324,0.45297559028212886,-0.03884305643473063,0.4724059453824998,-0.8966813747858949
-0.1079038510035184,-0.053387190297746634,0.882584283131806,-0.14523382096562865,0.13460142395785635,-0.24016105962958534,-0.39150700408674044,0.0013179536910798983,-0.43800468991425845,0.05365588869150972,-0.24176972487899318,-0.01147153242302934,0.05834637128545683,-0.06111123360791271,-0.1613626842368856,-0.08816446004611511,-0.17369423615374757,-0.3042693612191464,-0.2135076772662805,0.023949617397576173,-0.24699214231335953,-0.027556935223320034,-0.3994721896582558,-0.05198042225867139,-0.03610389388244417,0.2193430745935927,0.0069815855714487896,0.36120086775369287,-0.09723419506182174,0.07305648927123376,0.2517740441967513,-0.003548557203383873,-0.22065281854713048,0.004819308241227116,-0.3717451366637996,-0.22713202788312237,-0.25006960041140636,-0.2702754892992041,-0.19553608870891093,-0.03568221719761677,-0.10237764035740027,-0.2561897184434665,0.04419381941489142,0.4330141239031484,0.03199664553014259,0.29450236998445,-0.3726929193775954,-0.9887332394337806
-0.09871383199021833,-0.08157796397447548,0.8884599550542509,-0.07581652410293693,0.146319097389898,-0.2274399201442594,-0.4030206897067199,-0.09385913182925021,-0.44655242169378495,-0.008147666809049436,-0.28812353938406876,-0.06763129767834963,-0.014170630966462427,-0.1439742180127761,-0.11617232630842234,-0.07861604889324836,-0.16868624589034897,-0.28817108820054416,-0.25676120604364494,0.06893435165459039,-0.2359361465471953,-0.030744218300283954,-0.3930130861557186,-0.11400427862175777,0.0017660034382702694,0.2124202730032203,0.030018605847654145,0.3780021094014234,-0.06918041439644285,0.04583865746649418,0.26418268117715593,0.025363058244392,-0.23140673134040135,0.01065335418396196,-0.3812896068341306,-0.23145202526683062,-0.26457186630900964,-0.28099189598357177,-0.20606595153826057,-0.05004705956432476,-0.10734513641241172,-0.332883313034704,0.09368447158099324,-0.38527418091760324,-0.48169480068822046,-0.30429359201305506,-0.5029142204794357,-0.948188711618953
-0.06784797500831186,-0.08525495989620402,0.9103501491923147,-0.023406977599374268,0.11644155627049457,-0.1808069789043052,-0.3769631601693425,-0.07225680206900054,-0.4456316238195853,-0.059006494043782665,-0.334452337627254,-0.17465654541812836,-0.07621250162874293,-0.21626166461708307,-0.13442848159570142,-0.06841084397271047,-0.18606781538547068,-0.2943447184557645,-0.21976020830229936,0.08023783415837471,-0.2245258053742023,-0.04099654225006977,-0.39517756440195273,-0.15381931892484613,0.005727698338712006,0.20538339279563322,-0.02794126707799316,0.38916009398846096,-0.05016014910843791,0.027791181363881146,0.2846194194347531,-0.03310396992116771,-0.24172814809945697,-0.0006813693300181667,-0.39375482276728735,-0.22723546538258654,-0.2719858659924258,-0.2868472603568698,-0.22092126590363326,-0.05312700902892864,-0.10684836489329741,-0.3039348758436934,0.04816495678546007,-0.2699578204299745,0.12039360550142364,0.07420129065033199,0.0011944771065295345,-0.8955438292005738
-0.05563283682751885,-0.07693212422883222,0.9356979429783092,-0.0023049351871534673,0.06623126444574856,-0.14847382613172522,-0.3253633974276888,0.024807159742116003,-0.44960258961328137,-0.030296095907930032,-0.3311890718943208,-0.17219416701610635,-0.1310083631344171,-0.28209734488630556,-0.22671314078209137,-0.06289424486040096,-0.2132615175639836,-0.24888380467459814,-0.2197823965172523,0.0801276118386991,-0.21342793917633474,-0.058778978251471825,-0.4071701750904364,-0.1105448912498378,-0.019521449528022372,0.21313220380256692,-0.0710721977351002,0.3941488935462334,-0.08480496030955686,0.0340151893147127,0.304013660264284,-0.04045688029773076,-0.25034041311833843,-0.008525204923260477,-0.41266182957735464,-0.19771057931385416,-0.27905978331933456,-0.29542760571551574,-0.230919669128542,-0.03907234269054827,-0.10840437143938242,-0.218025182520997,0.09307028963306552,0.009924732803037628,0.13662666306447657,-0.07893709764332457,0.4733393657415903,-0.9380120659673672
-0.06716197462760032,-0.07626485264400773,0.9485794259476847,0.0038948826928784097,0.038614139976496764,-0.16372132502648995,-0.28756277663458607,0.06789740003642564,-0.46600519067060087,0.04621102034377289,-0.2929234026373929,-0.07019180042503492,-0.19216724843848643,-0.33909053046354676,-0.2121510974634807,-0.06042721574366261,-0.2483556577185847,-0.18262652139253865,-0.269524448152349,0.08593356608556868,-0.1969908378800831,-0.06071280276379931,-0.4155633943266047,-0.12322092651020766,-0.013299572477966315,0.21883453204596925,0.001966671186194535,0.41735398559524595,-0.10553451926782853,0.023965619787474912,0.3138015648577972,-0.005751574195999587,-0.25988535282253156,-0.0131260478812959,-0.4217682355875314,-0.18160573176493067,-0.27214950337403077,-0.3090376648366443,-0.2410676632824843,-0.02806689380386118,-0.10265814271364593,-0.30878454611754147,0.05838123341213919,-0.3364366808167156,-0.11326683202963284,0.0307187102040547,0.16345362036101463,-0.9540716958065556
-0.07730088887965136,-0.08390094330636677,0.9514048999776901,0.01989154988637387,0.04688298883248865,-0.20429262036491458,-0.2791465230333342,0.01660619279636011,-0.4850679456914875,0.08689800699802941,-0.2737178846722498,-0.030986675704429145,-0.24201374519104157,-0.3692070277802175,-0.12871994110652762,-0.048092062097778054,-0.3049006152829321,-0.15777537382185292,-0.21983357026620154,0.05639462481773183,-0.18816867428381157,-0.05518281598501662,-0.4085629234954915,-0.21899435052039684,-0.007734913238376828,0.2095150886360131,-0.02727360785579347,0.4426724978770811,-0.05279059754697302,-0.014001601161253818,0.3246182876900283,0.04879278158839884,-0.2785120912922062,-0.002202042462982945,-0.4304671956815742,-0.17767066997106185,-0.26468113758950274,-0.32237720786092383,-0.2510268386586587,-0.04198736699688366,-0.09996881525528978,-0.4637448181490378,0.0985608332894099,0.15831702137246118,-0.3283888140556035,0.05706725549969205,-0.5952269412921807,-0.9914968665125038
-0.06575534257131999,-0.08241838794761314,0.9599215658958187,0.05036207995003017,0.06452646157938191,-0.2231739253181384,-0.27780816002622666,-0.04443950261238072,-0.49370856984568057,0.08546428313383858,-0.2799026262750578,-0.0901608111585559,-0.25701396749719707,-0.3655036006409985,-0.13065735443560678,-0.028205572290761816,-0.3333729565165243,-0.11459965684610696,-0.19093956035851822,0.017349433198760922,-0.18514050264755277,-0.060142323387915586,-0.40556662971995605,-0.24126843244325014,-0.06373653552452041,0.20937491520931295,-0.08027138206401863,0.4524604835182029,-0.04530908499732278,-0.024476190627001904,0.35322251298490537,-0.03211277187559747,-0.2832709407447932,-0.004368900955129762,-0.44505778248773065,-0.16629891015286025,-0.2570455667619266,-0.325139924609405,-0.2632096401590107,-0.05172513841006132,-0.09797198239961391,-0.3929744973720125,0.1774231459727751,-0.15803541443638147,0.44107637596840377,-0.3984359395236421,-0.2424370067986008,-0.9807838590265606
-0.043656573788204645,-0.06168540452885396,0.9791629573795737,0.07836123860058453,0.06617264101896891,-0.20645515909750145,-0.2621083130781817,-0.046981326041097726,-0.4916245933286739,0.09440062145174388,-0.2777122917123783,-0.1412486597609296,-0.24235549807856538,-0.33877618608632054,-0.17881610767850376,-0.012544289636492678,-0.3379642333446773,-0.043249425375124106,-0.22184946876190237,-0.023210640839140706,-0.17604209369005974,-0.06554358510409275,-0.4140079033048579,-0.21378805738303797,-0.10943568584176344,0.2176501143148173,-0.07974408492659102,0.4605040783446166,-0.135249179956066,0.004043031472106939,0.37016512028116666,-0.05848914027041863,-0.2819114155796131,-0.00036659044261944107,-0.46247668563897715,-0.14163012734142866,-0.26134851620526234,-0.32080583353899506,-0.27320822857255345,-0.05221100371114418,-0.09630532788188051,-0.3602123863571217,0.07064332724364264,-0.4301115141865389,-0.36108032540770807,0.5869181778076575,0.7846286611418771,-0.9743570031484085
-0.03582931428886993,-0.032050317952478036,0.9965779489592079,0.08816277861972432,0.05457628669029435,-0.17649451861231935,-0.23851956217077774,-0.023674098929709064,-0.4877725347127484,0.12976295329295584,-0.25534591826153774,-0.12622272815503643,-0.21019783199687037,-0.29720630466778475,-0.20200936558742688,-0.0010365506159152327,-0.35168088613394577,0.017397106679917673,-0.23082740222471798,-0.07650048197253179,-0.16466131783590843,-0.06507218407394488,-0.42467065701000717,-0.19390109245700904,-0.09316420275322534,0.221646468093454,-0.09038021822657127,0.4764602453190161,-0.19581643890477252,0.019093255906236006,0.3740651605175671,-0.011915437431583076,-0.2878877768340641,0.007691570975528306,-0.47690510076889503,-0.09803601329424916,-0.26834614574874116,-0.31907882884566896,-0.28069429074080066,-0.051232644363328195,-0.09789037782580534,-0.28723610435406954,0.050489752991707215,0.09413728304796609,0.09224878254425328,-0.7979004189287318,-0.2919510663198921,-0.9930340154983668
-0.04973960327332705,-0.010876910117430638,1.0,0.07862739262668672,0.04163329895973744,-0.150042349600212,-0.22149092345740107,-0.026973688284221198,-0.48703895229371685,0.16139062162120088,-0.23241818632587397,-0.0889384570292373,-0.17214838501040075,-0.24739044547525124,-0.17791560550573726,0.01125139271747888,-0.3468063271601739,0.04782335245087932,-0.24568380762758912,-0.10709194284750756,-0.15533061205815724,-0.058744328141983715,-0.4273071087013205,-0.2308572737281015,-0.03301045221475751,0.21229988821418044,-0.03380432238584097,0.5106921209721047,-0.20262889048183275,0.00820487769829037,0.3706661611428197,0.0029399644840486516,-0.2913672012162313,0.002349580180854849,-0.48610266456962503,-0.0637117963504712,-0.26894254418486296,-0.3172720906208092,-0.29238775498706804,-0.049166218147534524,-0.09445310020448039,-0.3404772543503798,0.15335557508021824,-0.16284626356071707,0.041214158443519944,0.6807403163473646,-0.6718714763351166,-0.959783534324094
-0.07798030938922806,-0.009734212473911263,0.989028538122207,0.05432027021714547,0.02716946935569542,-0.1235481556570438,-0.20979811639989754,-0.04598250184975661,-0.487185851631566,0.16297334831894905,-0.22871701706709657,-0.09803147895150832,-0.13334225284081158,-0.19234923876764543,-0.11962663946183971,0.02666166469424147,-0.3226307100340876,0.035772577449545206,-0.2548117884265566,-0.10992062724350027,-0.14919766144154034,-0.05353835205638868,-0.4337784078585434,-0.2622424736527167,0.012690702233483453,0.19162995558523743,-0.07509172597077107,0.5371879506192725,-0.16720673633129912,-0.013155677350261241,0.3681233531974497,0.016289658276524177,-0.2939837603574422,-0.0009277245836599723,-0.49680636253157795,-0.03947457987845693,-0.2670524806088903,-0.3113928065957434,-0.306108079064461,-0.0564170482339138,-0.09576449678586896,-0.3658872992355898,0.07005796587155388,-0.22384019194149918,-0.5684773020834915,-0.46521120816990424,0.3045066457595902,-0.9054086181923896
-0.11021330513834715,-0.033663311779287164,0.9677068539787197,0.01805801225556314,0.00716534794021273,-0.09485556879973878,-0.19464755739588468,-0.04443772683934233,-0.48695773153012534,0.1522649005452712,-0.23428845290291778,-0.1372985180906151,-0.09391628830612486,-0.139150507886449,-0.11911156551024593,0.04537530464678374,-0.30398204236902504,0.00015652905103480386,-0.2121700976556492,-0.11223920658540953,-0.1529795566317086,-0.06100666689415246,-0.44304342456617474,-0.2445213376544748,0.026234294950557402,0.17102838433217826,-0.06501340905948305,0.5725474140069811,-0.13975773976413153,-0.02428936970999107,0.36298719269089785,-0.005727791592410991,-0.28874751036609614,-0.0054739175195899215,-0.5136167019210993,-0.012038120347428127,-0.2655440746090708,-0.30236904577943013,-0.31974232692715343,-0.052163325444715136,-0.09248529887541435,-0.2708719400407823,0.06450580459870747,-0.16769960032633857,1.0,-0.13208742745505786,0.559658574175447,-0.6943658489684916
-0.13242466179887957,-0.08082211539700657,0.9365633516000635,-0.025911071647851447,-0.012092228692734297,-0.07381526730568644,-0.17857511713318885,-0.03445241295978996,-0.4893879546553169,0.1613142978092197,-0.226122138633974,-0.12876827340673636,-0.062357442875279445,-0.09961577095725005,-0.17600518464861503,0.06258383352531505,-0.2924060944397774,0.000941955824063756,-0.2122309529056874,-0.09520564330999615,-0.161654735458847,-0.07615644188663462,-0.4539227912527932,-0.18078215778996032,0.015472305567098443,0.1548366328950217,-0.1093969297281413,0.5934563552120629,-0.11037417889999956,-0.02441673304166503,0.3627089270937429,0.0033287024974786306,-0.2881044085183063,-0.0009442696492176772,-0.5377423889849084,0.03355978988194086,-0.27088473923846845,-0.2996896265707143,-0.32629941057562484,-0.045944093848102385,-0.09344541888120939,-0.22521360807565305,0.100187041018033,-0.01415647702963152,-0.7710946251045527,0.6030658056320175,-0.4502779642752357,-0.9172318986280086
-0.14002256944502012,-0.1450952264726788,0.8991139201768521,-0.07352265540564717,-0.02384452344341481,-0.06533858880437504,-0.16508372457963638,-0.02764843077983148,-0.4934706649475439,0.16697800944003927,-0.21955374368158698,-0.12395070322461443,-0.03913130542105714,-0.058320286490495254,-0.10038670457861387,0.07272159180748794,-0.2834505258908325,0.026926042737821287,-0.3445759548240269,-0.02199091699747313,-0.1540078364903935,-0.0768311358101752,-0.4848916103706328,-0.10179622183736758,-0.01459093382146448,0.14374598667008098,-0.01889381469014262,0.6175366457422156,-0.0665442032342961,-0.0287582948545122,0.363631320949104,0.015860819435776774,-0.27558940107112007,-0.005034377789744249,-0.5509405359415713,0.057126263006600064,-0.26970309671420245,-0.29040697125006454,-0.34107523351753444,-0.04147504659441703,-0.09000541897351522,-0.29949008298682067,0.054446376942528074,-0.1324110946953938,0.05713877333787343,-0.9557772839973354,-0.7383811797231556,-0.5747018241243063
-0.13428469126587406,-0.21887720156485302,0.8624206469131546,-0.12110249043374344,-0.028089085211926212,-0.06541000367696292,-0.14960143412437488,-0.00263522455737375,-0.4954661876770763,0.15616054167740945,-0.22439190641780082,-0.1779720565803361,0.008440933394602057,0.010459158019599624,-0.03505518576809452,0.08975116073451894,-0.3698455055945842,-0.013476328053011799,-0.2354563980016645,-0.024202686638584936,-0.1612483592668088,-0.08141974467568902,-0.49238118166966294,-0.1365635154072281,-0.03152283801106415,0.10896882472597924,-0.013864482291492508,0.6600226223910801,-0.01236765824065389,-0.023595100093470323,0.34793477578774246,-0.009348050902496463,-0.27778008019913425,0.005266786341657559,-0.5692759239113641,0.07140944801313598,-0.25321345497216274,-0.2882098061669346,-0.34796554704257177,-0.04444236261582146,-0.08905954508314773,-0.31247225058540207,0.035877840705402786,-0.44478344133924996,0.10886007054085156,0.891589775616815,0.46860040444766704,-0.495465331440586
-0.10403318940768391,-0.2877534007554291,0.8293696136983448,-0.1626453274115598,-0.022242829685412135,-0.07280031506972173,-0.1348778308110632,0.02369025671325775,-0.49685886903523857,0.1735879367812172,-0.20718825008846709,-0.17323495765846753,0.0826443780121553,0.08909640742448866,-0.15599636781296888,0.10992111160609164,-0.40585589134494304,-0.013395665119660505,-0.18837658881498998,-0.003391257194222508,-0.18562792143065543,-0.10474041325163241,-0.4798693424614493,-0.15736723095974325,-0.08147835840021955,0.07507396941474531,-0.0585520643709917,0.6903070823491702,-0.0023081657181009962,0.013443030361720565,0.33440139712744354,-0.007927385035319312,-0.2810415997229474,0.02066163288853673,-0.6063086492272329,0.11578867893397837,-0.26241927495255657,-0.29050805524479273,-0.34592620337393465,-0.0434944883086229,-0.08639400109142426,-0.23939084035885194,0.0690396046830537,0.31741842583037627,-0.2706227026712916,-0.70442710646125,0.5556047063557343,-0.8382507410548226
-0.03720597181668461,-0.3283540985887009,0.8001670649026766,-0.19455356495050247,-0.0018371660373591725,-0.08472959375033173,-0.13340209593572083,-0.010019855286124368,-0.4990297735339603,0.21181724397366075,-0.16944021639514129,-0.07148324289584795,0.12680245196144502,0.1328354796117439,-0.1886839267458713,0.12426577807532291,-0.34704419522851293,-0.033654835143682615,-0.276704413649392,0.09104710372999403,-0.199506061258239,-0.11253247050747806,-0.4808851210982662,-0.1636574529418462,-0.12106801451758609,0.055291545466882974,-0.015984969715127084,0.7278151842253338,0.002776466296482427,0.04432395036138126,0.3292459795464746,0.028358276962883622,-0.281044723333418,0.025943882891904302,-0.6351302996289039,0.15743932526054438,-0.26523260091508793,-0.29203452193749657,-0.346106957205934,-0.04631050816692872,-0.08511030143514686,-0.3062629482433896,0.0399874917483245,-0.6223957465006048,0.45605129826787016,0.18381837400444168,-0.4555441159130649,-0.8833652139903878
0.05661052493971663,-0.3173593883156871,0.7810496093501957,-0.22369960924119725,0.023450333669139622,-0.08657341412186226,-0.14188759144035135,-0.10022482853279946,-0.4959886212949176,0.19852017835998392,-0.16292458405254961,-0.04093959680925752,0.11848763945659258,0.12577930273001536,-0.10064190868814171,0.14599855529552874,-0.28505601082719045,-0.1513917452616118,-0.2427059154167105,0.17626634134413255,-0.2087068384754004,-0.10604886091089605,-0.4913194925025123,-0.2046656442690079,-0.1375559324379506,0.037251242464550804,-0.004011495802363041,0.7792864045485595,0.026375466176554285,0.058622848350720735,0.33439990446639145,0.036464313458923314,-0.28965323474657,0.03324226204271641,-0.6575769591410375,0.1719546840398798,-0.2477284623424434,-0.2921663618930984,-0.34865559711628236,-0.06156041241491672,-0.07980697655024505,-0.3742190975878258,0.06383560737046134,0.425164585921713,-0.5911248117759067,0.3826514490961568,-0.2828380091744369,-0.9559697131452324
0.14976935763145383,-0.243064287587881,0.7827943836010811,-0.26551101579479885,0.03183176926803033,-0.06826139176231882,-0.13483616079338856,-0.15415955143365112,-0.48416605347182085,0.1506888597140721,-0.18157319873470135,-0.10360744626552454,0.06731389724622061,0.062497245603603924,-0.13001842451692092,0.17809189899983857,-0.21719667419918876,-0.2675818250610351,-0.15667825289074244,0.24594652400179595,-0.2218390159473982,-0.11124107051980792,-0.5036075752820657,-0.21987902625371136,-0.1629137464830036,0.02547119047881763,-0.026304930446432673,0.8245612077796161,0.003987337748118991,0.08616334666990855,0.3559455067581312,0.008898186425127186,-0.3008344239710894,0.03950737834654272,-0.6934083982341308,0.1813757621955976,-0.2460905200575172,-0.2906268292669836,-0.35242436008894673,-0.06838185816647668,-0.07640611126318542,-0.36083885294880036,0.17730687516688914,-0.4503315442784246,0.12987306846158253,-0.8287719309831457,0.11933649803779733,-0.9799577748454203
