X1,X2,X3,X4,X5,X6,X7,X8,X9,X10,X11,X12,X13,X14,X15,X16,X17,X18,X19,X20,X21,X22,X23,X24,X25,X26,X27,X28,X29,X30,X31,X32,X33,X34,X35,X36,X37,X38,X39,X40,X41,X42,X43,X44,X45,X46,X47,X48,X49,X50,X51,X52,X53,X54,X55,X56,X57,X58,X59,X60,X61,X62,X63,X64,Y
0.01473739480415226,-0.025531514179941484,-0.017250001698970063,0.010569591511737642,-0.0035270909923776905,0.02494262478193421,-0.007787876996139698,-0.020439888012372842,-0.03125128650376996,0.008432889642215446,-0.005151861922102374,-0.011908475991201595,-0.016560593290090853,-0.02583172195373995,-0.03914753533280302,-0.08571463639789834,-0.07710637174123047,-0.05367734467311136,0.08731105786384963,-0.3333974857625951,-0.3132646699227014,-0.2910816353969562,-0.26680399529889753,-0.24038736274206185,-0.7032597194395606,-0.6896906991361643,-0.6759998806237377,-0.6621870840970204,-0.6482521297507632,-0.6341948377797066,-0.620015028378599,-0.605712521742181,-0.5912871380652018,-0.5767386975424044,-0.5620670203685336,-0.5472719267383328,-0.5323532368465511,-0.5173107708879281,-0.5021443490572122,-0.48685379154914643,-0.4714389185584783,-0.4558995502799492,-0.4402355069083067,-0.42444660863829375,-1.0794584913848864,-1.0807309782975272,-1.0819992661278768,-1.0832633718365858,-1.0845233123318103,-1.085779104468669,-1.0870307650487596,-1.088278310819754,-1.0895217584748964,-1.0907611246526,-1.0919964259360497,-1.0932276788528137,-1.094454899874501,-1.095678105416337,-1.096897311836945,-1.0981125354379315,-1.0993237924636399,-1.1005310991008443,-1.1017344714784914,-1.102933925667449,-0.9900710124590721
-0.03378588104140123,-0.013942136815292439,0.04185353848070972,-0.014117042434274363,0.012102599381577761,0.044731949038792074,-0.028930503886983816,-0.0440117181932943,-0.027818688559263505,-0.004117052756091422,-0.015398606094134903,-0.019926929047247355,-0.045110808396631286,-0.05990871842579004,-0.07545000635837718,-0.09294431060126396,-0.06676485968410661,-0.02217123587974401,0.15555144618630612,-0.04961073921931791,-0.019345207804639997,0.012793884541044909,0.04684337604108735,0.0828401049188332,-0.9353373597349827,-0.9250523538816924,-0.9145860801065319,-0.9039378488770421,-0.8931069706607732,-0.8820927559252755,-0.8708945151380977,-0.8595115587667885,-0.8479431972788954,-0.83618874114197,-0.8242475008235605,-0.8121187867912149,-0.7998019095124841,-0.7872961794549127,-0.7746009070860552,-0.7617154028734575,-0.7486389772846695,-0.7353709407872411,-0.7219106038487177,-0.7082572769366513,-1.0526523451972198,-1.0526453661737936,-1.0526393373379437,-1.0526342462284053,-1.0526300805488253,-1.0526268281652758,-1.0526244771039432,-1.052623015548729,-1.0526224318389588,-1.0526227144671112,-1.0526238520765865,-1.0526258334594931,-1.052628647554545,-1.0526322834448563,-1.052636730355915,-1.0526419776534948,-1.0526480148416406,-1.0526548315606765,-1.0526624175852444,-1.0526707628223941,-0.9911608212041529
-0.026361868131144606,0.04049823099019911,0.0897182103867713,0.006630806563643343,0.029405315834919676,0.03518100435779359,-0.026008793591096757,-0.026121372505390816,-0.01073866849455607,-0.01864727598074145,-0.021330724767816167,-0.020580157600891158,-0.05596846570526792,-0.07587983136058374,-0.09652888047828434,-0.08994391367976873,-0.03712554483876407,0.034722897760391946,0.2313570988861322,-0.02347063391091675,0.0013570800012134843,0.02778017094680041,0.05582766775087378,0.08552859923846157,-0.4241193169780183,-0.41592613450932625,-0.40762313555612606,-0.3992098949446,-0.3906859875009312,-0.38205098805130255,-0.3733044714218948,-0.3644460124388933,-0.35547518592848193,-0.34639156671684224,-0.3371947296301562,-0.3278842494946095,-0.31845970113638344,-0.308920659381662,-0.2992666990566273,-0.2894973949874623,-0.2796123220003526,-0.2696110549214772,-0.2594931685770223,-0.24925823779316847,-1.319847130851928,-1.320289816556334,-1.320730208774581,-1.3211683242298955,-1.321604179484465,-1.3220377909413263,-1.3224691748463389,-1.3228983472899867,-1.3233253242092375,-1.323750121389371,-1.3241727544657431,-1.3245932389255697,-1.3250115901096953,-1.3254278232142152,-1.3258419532922947,-1.3262539952557333,-1.3266639638766538,-1.3270718737891276,-1.3274777394907518,-1.3278815753442612,-0.9892925776411573
0.033598183210893584,0.06767213081998369,0.059781190191159794,0.03773746945972656,0.03934176089327979,0.028051322551141622,-0.02468037861015482,-0.013249113901253051,0.008766360502999504,-0.02701227146621299,-0.025434468733670612,-0.02277608970843381,-0.06473340867778243,-0.08744494044168505,-0.10603222227543829,-0.01690260528534604,0.0547213165641105,0.13121782436775042,0.23975497629252573,-0.007262914176090041,0.020864046106504386,0.05051502295212762,0.08171220097907095,0.11447776480562388,-0.5527593036586409,-0.5527193503887587,-0.5526375766962799,-0.5525137868602228,-0.5523477851596093,-0.5521393758734631,-0.5518883632808034,-0.5515945516606504,-0.5512577452920278,-0.5508777484539539,-0.5504543654254526,-0.5499874004855435,-0.5494766579132484,-0.5489219419875876,-0.5483230569875845,-0.5476798071922578,-0.5469919968806292,-0.5462594303317216,-0.5454819118245557,-0.5446592456381516,-1.336081583049499,-1.3365100494902733,-1.3369363029018295,-1.3373603600655484,-1.337782237595934,-1.3382019519427164,-1.3386195193928556,-1.339034956072534,-1.3394482779490955,-1.3398595008329857,-1.340268640379657,-1.340675712091411,-1.3410807313193143,-1.3414837132649218,-1.3418846729821754,-1.3422836253790962,-1.342680585219538,-1.3430755671249517,-1.3434685855760284,-1.343859654914406,-0.9635370157758216
0.07557433780788658,0.06531849966063952,0.0181741853571602,0.055818284045565436,0.033337541663750025,0.008541811377943631,-0.012854790929856197,0.014372866562365694,0.09823371304548978,-0.017174737059233447,-0.01613497914312456,-0.019278676853194177,-0.0874370229428717,-0.1103239808825367,-0.12499858778047146,0.03623507898848222,0.11671254239241957,0.18647224646427363,0.2194434081863741,-0.006257417127025544,0.02343429973106237,0.0547583048653304,0.0877420900228223,0.12241314695057959,-0.41795934714532523,-0.4135851876127903,-0.4091847244655983,-0.40475812633422037,-0.4003055618491279,-0.3958271996407895,-0.39132320833967527,-0.3867937565762569,-0.3822390129810028,-0.3776591461843837,-0.37305432481687173,-0.3684247175089349,-0.3637704928910437,-0.3590918195936694,-0.35438886624728083,-0.3496618014823486,-0.34491079392934465,-0.34013601221873724,-0.3353376249809974,-0.3305158008465944,-1.3060047601705254,-1.306418475800916,-1.3068297811692835,-1.3072386961289246,-1.3076452403234295,-1.3080494331894252,-1.308451293959211,-1.3088508416633728,-1.309248095133357,-1.309643073003992,-1.3100357937159819,-1.3104262755183682,-1.3108145364709913,-1.311200594446789,-1.3115844671342383,-1.3119661720396052,-1.312345726489265,-1.3127231476319214,-1.313098452440842,-1.313471657716041,-0.8154471645083105
0.0694447856010354,0.0148403699154529,-0.011492645647598887,0.0361628140852972,0.02405799766217931,-0.0002055026633026591,-0.003343532903129054,0.08155083031406218,0.19573314495271066,0.004885318892031698,-0.0019486887535573594,-0.016016490948623785,-0.1064614727465023,-0.11876586824279767,-0.11442446748678659,0.1143616268314398,0.1824705755127054,0.2253587775960968,0.15378981938319414,-0.24504959178039631,-0.21952915336375378,-0.19236266397180934,-0.16352760627901886,-0.13300146295984216,-0.8307218281943727,-0.8273253060959087,-0.8238724099418282,-0.8203631172373904,-0.8167974054878591,-0.8131752521984935,-0.8094966348745549,-0.8057615310213045,-0.801969918144005,-0.7981217737479176,-0.7942170753383025,-0.7902558004204228,-0.7862379264995376,-0.7821634310809098,-0.7780322916698007,-0.7738444857714706,-0.7695999908911829,-0.7652987845341948,-0.7609408442057717,-0.7565261474111751,-1.2308012715093148,-1.2302845578179147,-1.2297702470983305,-1.229258322952107,-1.2287487691295527,-1.228241569528123,-1.2277367081907014,-1.2272341693040207,-1.2267339371969954,-1.2262359963391631,-1.2257403313390993,-1.2252469269428392,-1.224755768032406,-1.2242668396242387,-1.2237801268677397,-1.223295615043815,-1.2228132895633557,-1.2223331359658813,-1.2218551399180972,-1.2213792872124911,-0.8297813386884162
0.02262703795625609,-0.0058327228009777965,0.0062848413271836545,0.02192803638746499,-0.007817044919989358,-0.03262148215229055,0.06899608270977597,0.18589131413865756,0.18054573688668518,-0.013156172120799892,-0.022216017160139767,-0.039256195397384896,-0.12145777880575281,-0.1184343895891341,-0.09363501498882376,0.17034495852605125,0.20960619401789682,0.21165985880199445,0.04001144962324599,0.0010263896593127875,0.03377914052729536,0.06834625890428803,0.10475743931853398,0.1430423762982762,-0.6343526886065378,-0.6174808628915407,-0.6004359320442755,-0.5832175107114267,-0.5658252135396824,-0.5482586551757314,-0.5305174502662598,-0.5126012134579533,-0.4945095593975022,-0.4762421027315903,-0.45779845810690634,-0.4391782401701384,-0.42038106356797167,-0.4014065429470952,-0.3822542929541952,-0.362923928235958,-0.34341506343907047,-0.32372731321022263,-0.30386029219609867,-0.2838136150433884,-1.1911935674189766,-1.1914810577134083,-1.1917677788753724,-1.1920537326209588,-1.19233892068131,-1.1926233448021104,-1.1929070067431131,-1.1931899082776458,-1.1934720511921624,-1.193753437285762,-1.1940340683697421,-1.1943139462671644,-1.1945930728124459,-1.1948714498508965,-1.1951490792383659,-1.1954259628407886,-1.1957021025338128,-1.1959775002024347,-1.1962521577405936,-1.1965260770508186,-0.5209793327270467
-0.0003018635205535025,0.0120138720411187,0.04386218494383831,-0.0011106532698553773,-0.0248162029314003,-0.03500949027282896,0.17954026085053876,0.16835515214590702,0.048222989632158875,-0.006813007641348068,-0.020974527673882082,-0.04213212081979989,-0.10677087254808937,-0.07946861020388063,-0.024773053380856003,0.24572655475432925,0.23861652385708254,0.18740021919810124,-0.06887354883513586,0.1636635671385127,0.18841411543308983,0.2143479167884823,0.24147858649049958,0.26981973982495067,-0.25412150987518156,-0.24834756218029908,-0.2425508755261626,-0.23673165581914002,-0.23089010896560136,-0.22502644087191193,-0.21914085744443923,-0.21323356458955212,-0.20730476821361798,-0.20135467422300624,-0.19538348852408127,-0.18939141702321238,-0.1833786656267692,-0.1773454402411173,-0.1712919467726246,-0.16521839112765957,-0.15912497921259017,-0.15301191693378224,-0.14687941019760697,-0.14072766491042932,-1.3839476841762663,-1.3841377452811978,-1.38432584462273,-1.3845120027176707,-1.3846962398348404,-1.3848785759985471,-1.3850590309920197,-1.3852376243607898,-1.3854143754159565,-1.3855893032374738,-1.3857624266773567,-1.3859337643627976,-1.3861033346993406,-1.386271155873855,-1.3864372458576195,-1.3866016224092224,-1.3867643030775094,-1.3869253052044277,-1.3870846459278612,-1.3872423421844369,-0.942144118119082
0.010567773150597537,0.04741188957950482,0.05623173160434636,-0.0028901605700106803,-0.004076175876142396,-0.02005314074275122,0.152969383187056,0.042472334491664876,-0.0788375713444287,-0.014537399900127701,-0.04110260825516365,-0.0721060278648652,-0.11381472117578095,-0.05867735080760994,0.026470789580497867,0.2358294224973212,0.16040829895456254,0.04809273973186978,-0.25227394622934096,0.04113526136925838,0.06987107339107768,0.09998937548967102,0.1315052843982929,0.16443391685019804,-0.703211733168598,-0.6878940389652171,-0.6724269982172999,-0.6568103113511516,-0.6410436787930673,-0.6251268009693496,-0.6090593783062979,-0.5928411112302121,-0.5764717001673945,-0.5599508455441407,-0.5432782477867535,-0.5264536073215338,-0.5094766245747813,-0.49234699997279385,-0.4750644339418738,-0.45762862690832196,-0.4400392792984361,-0.42229609153851777,-0.40439876405486663,-0.3863469972737825,-1.480506716423488,-1.4817302183660508,-1.4829493523425679,-1.4841641404351424,-1.4853746045924725,-1.4865807666306243,-1.4877826482338499,-1.488980270955346,-1.4901736562180476,-1.4913628253153937,-1.492547799412118,-1.4937285995449892,-1.4949052466236685,-1.4960777614313605,-1.4972461646256927,-1.4984104767394268,-1.4995707181812166,-1.5007269092364042,-1.5018790700677633,-1.5030272207162438,-0.9304566223198866
0.047387611963025655,0.05692936860059272,0.04004078518381449,-0.015980850501664867,-0.013294280074424347,-0.018245673728574774,0.06317679489730876,-0.07184798023036276,-0.1387860279566453,-0.04215777821464839,-0.06884787932784453,-0.09557484190456877,-0.043306878269703586,0.03461460725193444,0.12201943607376031,0.17635084986335992,0.09347378499610914,0.0015403317115370019,-0.16643047682555845,-0.07340004391369392,-0.04500914871849149,-0.015051670342783319,0.016496381875997335,0.049658998600418336,-0.776825303786785,-0.7812162780513663,-0.7856986555475374,-0.7902732409426981,-0.7949408389042526,-0.7997022540995986,-0.804558291196142,-0.8095097548612805,-0.8145574497624176,-0.8197021805669552,-0.8249447519422908,-0.8302859685558298,-0.8357266350749746,-0.8412675561671221,-0.8469095364996766,-0.852653380740042,-0.8584998935556145,-0.8644498796137972,-0.8705041435819941,-0.8766634901276058,-1.252067878248952,-1.252368770996404,-1.2526684724115165,-1.2529669877263978,-1.2532643221508337,-1.2535604808721945,-1.253855469055485,-1.2541492918433172,-1.2544419543558782,-1.254733461690958,-1.2550238189239098,-1.2553130311076786,-1.2556011032728385,-1.2558880404274997,-1.2561738475574482,-1.256458529626074,-1.2567420915743954,-1.2570245383211087,-1.2573058747625976,-1.2575861057729625,-0.7641390510913862
0.06302132543796879,0.05592331812144136,0.030732991372690144,-0.04867178622868651,-0.023274369159026587,0.06239431525950523,-0.05724575929397879,-0.10574737131002088,-0.09029668094874399,-0.08602818884316532,-0.11653992559282211,-0.13369313762374258,0.04683136601425386,0.13325205734089396,0.20309538278650918,0.052732493890897514,-0.04452072107336413,-0.1223575677040033,-0.11948800261784975,0.028563446435643458,0.056222367197029444,0.08518551784098927,0.1154679873067268,0.14708486453344594,-0.6196954485663181,-0.6056422860792097,-0.5914069118926307,-0.576988691891676,-0.5623869919614405,-0.5476011779870171,-0.5326306158534975,-0.5174746714459788,-0.5021327106495526,-0.4866040993493137,-0.4708882034303562,-0.4549843887777729,-0.43889202127665816,-0.4226104668121059,-0.406139091269209,-0.3894772605330641,-0.37262434048876036,-0.35557969702139713,-0.3383426960160638,-0.32091270335785516,-1.4140114011080107,-1.4148549151981011,-1.4156946217894155,-1.4165305466606515,-1.4173627153583717,-1.418191153199568,-1.4190158852742834,-1.4198369364481565,-1.4206543313648616,-1.4214680944486422,-1.4222782499067237,-1.4230848217316971,-1.4238878337039536,-1.4246873093939219,-1.4254832721645074,-1.4262757451732677,-1.4270647513747143,-1.4278503135225136,-1.4286324541716842,-1.429411195680761,-0.9347362992042819
0.04365598815404459,0.017538000834047773,-0.015100123439554913,-0.019837512086756326,0.06440077508229702,0.18853172889852243,-0.12488393902992379,-0.12454422352102235,-0.10600061325629917,-0.09470207076409887,-0.1055057368601694,-0.10411528245493973,0.09847997918492979,0.1649905122193822,0.20043207131136054,-0.04425755570223355,-0.11412806208040349,-0.15208430813514906,-0.07479310391797422,0.1825162085759784,0.21432141743220923,0.24736053152227755,0.28164313239581884,0.3171788016024677,-0.5629467185044914,-0.5618659745302259,-0.5607507321547976,-0.5596009116477088,-0.5584164332784622,-0.5571972173165596,-0.555943184031503,-0.5546542536927939,-0.5533303465699343,-0.5519713829324265,-0.550577283049773,-0.549147967191474,-0.5476833556270344,-0.5461833686259537,-0.5446479264577344,-0.5430769493918786,-0.5414703576978892,-0.5398280716452661,-0.5381500115035132,-0.5364360975421326,-1.5460279507927748,-1.5466875446194033,-1.5473438389019165,-1.54799685804845,-1.5486466262292544,-1.5492931673795636,-1.5499365052024388,-1.5505766631715563,-1.5512136645339274,-1.5518475323126404,-1.5524782893095057,-1.5531059581076736,-1.5537305610743053,-1.5543521203629962,-1.5549706579164435,-1.5555861954688477,-1.5561987545483478,-1.5568083564795119,-1.5574150223856642,-1.5580187731912447,-0.958199079046455
0.01585072312272695,-0.004180201349796464,-0.03041764020338933,0.06493521113265,0.17790765445706347,0.1744425942814931,-0.09541241183412785,-0.07449021144442058,-0.07814455084372196,-0.09955658450214477,-0.10812825533958692,-0.09116665315941075,0.17770776239829678,0.21170342084403027,0.19518039723086145,-0.1516800732135113,-0.1981604208084622,-0.19926275096857582,-0.023247838966623968,-0.20509029777080712,-0.1751873858464743,-0.14387781900551921,-0.11114765423088069,-0.07698294850550425,-0.4024388789787857,-0.38839305100562493,-0.3742222451308137,-0.3599262182508043,-0.3455047272620546,-0.33095752906101616,-0.31628438054414443,-0.30148503860789666,-0.286559260148725,-0.27150680206308686,-0.2563274212474367,-0.24102087459822685,-0.2255869190119144,-0.21002531138495262,-0.1943358086137994,-0.1785181675949078,-0.16257214522473262,-0.1464974983997288,-0.13029398401635173,-0.11396135897105575,-1.284520840529952,-1.2855420376007836,-1.286558710352149,-1.2875708887390238,-1.2885786024525232,-1.289581880922816,-1.290580753321998,-1.2915752485669272,-1.2925653953219656,-1.293551222001763,-1.294532756773976,-1.2955100275618965,-1.2964830620471757,-1.2974518876723333,-1.2984165316434302,-1.2993770209325568,-1.3003333822803378,-1.3012856421984385,-1.3022338269719897,-1.3031779626620152,-0.9706128853938194
-0.012902769165095251,-0.05024557183785294,-0.05498727900190281,0.1847901668873413,0.1901324748015849,0.08235295268065412,-0.05932354313007315,-0.05746802104391058,-0.07414829585385385,-0.09527426851106957,-0.07032165424171921,-0.020465843759535862,0.21925329859087772,0.19991676982855067,0.13136642148894384,-0.2028522719213791,-0.2019039198548268,-0.1579662552634058,0.06200243543496775,-0.3054659956600131,-0.283148722484181,-0.2595252255538889,-0.23457798079114633,-0.20828946411796478,-0.6145258665903071,-0.5984548948504187,-0.5821658255421067,-0.5656576746766375,-0.5489294582652832,-0.5319801923193119,-0.5148088928499939,-0.4974145758685984,-0.4797962573863954,-0.46195295341465425,-0.4438836799646443,-0.42558745304763534,-0.4070632886748977,-0.3883102028576998,-0.36932721160731163,-0.3501133309350033,-0.3306675768520423,-0.31098896536970144,-0.29107651249924904,-0.2709292342519535,-1.3030024066790615,-1.3027724493484076,-1.3025436081885182,-1.302315875145526,-1.3020892422424326,-1.3018637015781804,-1.301639245326804,-1.30141586573649,-1.301193555128736,-1.3009723058974887,-1.300752110508283,-1.3005329614973917,-1.3003148514710587,-1.3000977731046168,-1.2998817191417293,-1.2996666823935996,-1.2994526557381392,-1.2992396321192752,-1.2990276045461315,-1.2988165660923165,-0.973280824990021
-0.01865484151566199,-0.03921868904946635,-0.04601847207786558,0.17389116105802582,0.06325042837694816,-0.05278582977013058,-0.036495891679161674,-0.07092705471418814,-0.06789689865109694,-0.09291098396994102,-0.04059014781215642,0.0344104185314551,0.18708187868448412,0.10865781507326622,0.00010965016120190185,-0.22387574059325788,-0.1549014022953893,-0.05446554522739788,0.21487428290792066,-0.05605295173105229,-0.03444960466618552,-0.01174027828327151,0.01208615132426094,0.03704080806298382,-0.6735519479960267,-0.6588729766925137,-0.6439580643233791,-0.6288058947808641,-0.613415151957215,-0.5977845197446712,-0.5819126820354782,-0.5657983227218805,-0.549440125696122,-0.5328367748504443,-0.5159869540770919,-0.49888934726830947,-0.4815426383163397,-0.4639455111134255,-0.4460966495518107,-0.4279947375237392,-0.4096384589214541,-0.39102649763720054,-0.37215753756322045,-0.3530302625917585,-1.3980489182909523,-1.398176799122394,-1.39830426658962,-1.3984313224060818,-1.3985579682793075,-1.3986842059108286,-1.3988100369961602,-1.3989354632247588,-1.3990604862800111,-1.3991851078391921,-1.399309329573414,-1.399433153147639,-1.3995565802206409,-1.3996796124449604,-1.3998022514669246,-1.3999244989265938,-1.4000463564577514,-1.4001678256878893,-1.4002889082381906,-1.400409605723514,-0.9755989833024017
-0.03898002568725156,-0.03617391187023766,-0.024521472028475544,0.07666447932923726,-0.03945737103633906,-0.09474501011868142,-0.09437081847228479,-0.06965751244260365,0.044411122514455226,-0.022998856554525382,0.050628015266314996,0.12933643926852834,0.12867646961185986,0.034491423365092144,-0.062319161396483636,-0.11952857284769736,-0.03948227865996734,0.04622794369406247,0.15557895056051851,0.1778569509602128,0.20941529546660442,0.242107046746169,0.275938585727209,0.31091629333802784,-0.7664790912016862,-0.7481425850663176,-0.7295258802487183,-0.7106276066348693,-0.6914463941107523,-0.6719808725623486,-0.6522296718756377,-0.6321914219366036,-0.6118647526312262,-0.5912482938454882,-0.5703406754653695,-0.5491405273768531,-0.5276464794659195,-0.5058571616185507,-0.48377120372072857,-0.461387235658434,-0.43870388731764665,-0.4157197885843519,-0.3924335693445261,-0.368843859484155,-1.4260220780878905,-1.4255453468423736,-1.425071241115666,-1.42459974005591,-1.4241308230259309,-1.4236644696004688,-1.4232006595635656,-1.422739372905935,-1.4222805898223563,-1.4218242907091407,-1.4213704561616203,-1.4209190669716556,-1.4204701041252732,-1.4200235488001351,-1.4195793823633227,-1.4191375863689004,-1.4186981425556282,-1.4182610328447642,-1.417826239337747,-1.417393744314089,-0.9621426915601206
-0.0253020837242387,-0.0075387071690745655,0.06751797575411178,-0.03008102503412291,-0.09883656027528653,-0.09540394282263909,-0.07948274280547796,0.02508843023797991,0.1922724986871267,0.045719100837881665,0.11399388364581853,0.1706759421134021,0.030149438477064416,-0.06435711492194496,-0.14119354945005358,-0.017760816243805766,0.08116917777078836,0.16433498941023528,0.18570795587019573,0.055354057262620326,0.08244784659570925,0.11036734192175013,0.1391094971076019,0.16867126602012483,-0.8448370318281574,-0.8202206649500129,-0.7953418513677385,-0.770199739779178,-0.7447934788821712,-0.7191222173745624,-0.6931851039541901,-0.6669812873189009,-0.6405099161665317,-0.613770139194927,-0.5867611051019297,-0.5594819625853804,-0.5319318603431222,-0.5041099470729935,-0.47601537147284045,-0.4476472822405023,-0.41900482807382233,-0.39008715767064317,-0.3608934197288033,-0.3314227629461468,-1.2963433925819747,-1.2965615206737808,-1.2967786790423084,-1.2969948740934365,-1.2972101121767476,-1.2974243995861237,-1.2976377425604049,-1.2978501472839752,-1.2980616198873145,-1.298272166447647,-1.298481792989474,-1.2986905054851379,-1.2988983098554572,-1.2991052119701707,-1.2993112176485933,-1.2995163326600792,-1.2997205627245907,-1.29992391351323,-1.300126390648736,-1.3003279997060417,-0.9835897710235698
-0.02623760025923494,0.061167979895119684,0.1822014144754185,-0.10206982935335973,-0.0741420085895742,-0.03469223679668232,0.00331565737086148,0.16991519946369826,0.21172653927937168,0.1103182843857804,0.18272965333875546,0.220125114720515,-0.07110397845716188,-0.15961377119097286,-0.20716672978824968,0.07503636742658948,0.16741272501958626,0.2201043302676975,0.11577303381137827,-0.06320497500186029,-0.0349445427675551,-0.005823833885288843,0.024151373381707586,0.054975300770205626,-0.6450584970390698,-0.6367664367857868,-0.628323293529694,-0.619728317629083,-0.610980759442245,-0.6020798693274723,-0.5930248976430603,-0.5838150947472971,-0.5744497109984772,-0.5649279967548906,-0.5552492023748332,-0.5454125782165944,-0.5354173746384676,-0.5252628419987453,-0.5149482306557185,-0.5044727909676805,-0.4938357732929233,-0.4830364279897392,-0.47207400541641853,-0.46094775593125714,-1.3905574075231364,-1.3903536958339089,-1.3901504695226787,-1.389947728104398,-1.38974547107388,-1.3895436979063125,-1.3893424080577756,-1.3891416009656747,-1.388941276049231,-1.3887414327099086,-1.388542070331887,-1.388343188282446,-1.388144785912481,-1.3879468625568048,-1.387749417534676,-1.3875524501501189,-1.3873559596923124,-1.387159945436047,-1.3869644066420113,-1.3867693425572318,-0.9137919446056182
0.05648327949948451,0.17326319854640082,0.1774046699736882,-0.08327345421645793,-0.0553022358410421,-0.05781577654859371,0.18831640651158388,0.2197725359375129,0.06683722902566203,0.18156931171962798,0.21073365346698658,0.18982815083293536,-0.1748913700899547,-0.22001440029357766,-0.2107188174659156,0.14333797341863574,0.19647687111374235,0.2006528699811978,0.036102462379888456,-0.021956080104076015,0.005495148832136643,0.03394957824237954,0.06341098809063772,0.09388315834089433,-0.6252554441683875,-0.6064957106895885,-0.5874899052087751,-0.5682370579852506,-0.5487361992783243,-0.5289863593473022,-0.5089865684514894,-0.4887358568501958,-0.46823325480272604,-0.4474777925683856,-0.42646850040648576,-0.4052044085763281,-0.3836845473372227,-0.3619079469484757,-0.3398736376693936,-0.31758064975928324,-0.2950280134774508,-0.27221475908320425,-0.2491399168358508,-0.22580251699469434,-1.365842591184778,-1.3656894477350188,-1.3655374821880102,-1.365386683384305,-1.3652370402927592,-1.3650885420088255,-1.3649411777527916,-1.3647949368681376,-1.3646498088198316,-1.3645057831927092,-1.3643628496898697,-1.3642209981310676,-1.3640802184511869,-1.363940500698633,-1.3638018350339234,-1.3636642117281057,-1.36352762116132,-1.3633920538213566,-1.3632575003022318,-1.3631239513027982,-0.9276453409818842
0.19163610300055622,0.19980137202465054,0.09896740779864155,-0.08254704471431062,-0.07512710875636708,-0.0788578578210598,0.22059667214750478,0.08248624207461686,-0.0370403584106187,0.2064976992868941,0.18402571530210343,0.11334956793892115,-0.21105055620703872,-0.20120971712007518,-0.14412697492113724,0.1869520983893429,0.19445731279305467,0.16389471515225562,-0.011712975394999603,-0.01998045127180703,0.010766048574292642,0.04263909381893494,0.0756457476087653,0.10979307309042907,-0.9338576859732095,-0.9205788005573714,-0.9071049668344784,-0.8934354946731589,-0.8795696939420456,-0.8655068745097703,-0.851246346244966,-0.8367874190162614,-0.8221294026922918,-0.8072716071416848,-0.7922133422330762,-0.7769539178350966,-0.761492643816374,-0.7458288300455459,-0.7299617863912409,-0.7138908227220899,-0.6976152489067267,-0.6811343748137836,-0.6644475103118912,-0.6475539652696782,-1.3346805727196387,-1.3339396072564302,-1.333202433653486,-1.3324690233490581,-1.3317393480638344,-1.3310133797975083,-1.3302910908253665,-1.3295724536949691,-1.3288574412228324,-1.3281460264911886,-1.3274381828447392,-1.326733883887539,-1.326033103479906,-1.3253358157352562,-1.3246419950171844,-1.3239516159364035,-1.3232646533478445,-1.3225810823477462,-1.3219008782707813,-1.3212240166872802,-0.8673745965512938
0.19405622594774918,0.09869003861363246,-0.023497588501342426,-0.05541457394496041,-0.09550226514694693,-0.0981040401742399,0.04700269442262828,-0.07243184392266766,-0.08592622135040151,0.20343007585569794,0.13017162622853196,0.02385887890099192,-0.2199309221723058,-0.1506218031457447,-0.043991394933067474,0.21669364135872415,0.17211576230090242,0.10363852355827241,-0.07294770472987411,0.1359077143198666,0.1625422555106728,0.1898422944099709,0.21779992431886086,0.24640723853844237,-0.396681571318635,-0.3855453724751695,-0.37425999078991756,-0.362824766052402,-0.35123903805214374,-0.3395021465786616,-0.3276134314214778,-0.315572232370114,-0.3033778892140916,-0.29102974174292895,-0.27852712974614924,-0.2658693930132716,-0.25305587133381824,-0.24008590449731115,-0.22695883229326896,-0.2136739945112145,-0.20023073094066723,-0.18662838137114912,-0.1728662855921813,-0.1589437833932834,-1.4697004480111433,-1.469068569058072,-1.4684385035183132,-1.4678102460002065,-1.4671837911004528,-1.4665591334049224,-1.4659362674894547,-1.4653151879205555,-1.4646958892561444,-1.4640783660462795,-1.4634626128338355,-1.4628486241551832,-1.4622363945408896,-1.4616259185162725,-1.4610171906021394,-1.4604102053153292,-1.4598049571693048,-1.4592014406748046,-1.4585996503403083,-1.457999580672713,-0.9154571778548668
0.10800184247957789,-0.013622146320985462,-0.07532966741915692,-0.10464614709102504,-0.09456594360155757,0.010198196327420472,-0.06141282098609335,-0.06815464923359371,-0.022607318686553413,0.11106583911142431,0.017312240654332678,-0.08096490739295825,-0.10489187121988519,-0.002054197029325966,0.10626785199561062,0.18604786150714503,0.11347396187447956,0.03250551395270507,-0.15539367240590807,0.07027042052625276,0.10117473279857836,0.13336357066262527,0.16684728753525824,0.2016362368333422,-0.8178309884916316,-0.7958849656088129,-0.77365192788367,-0.751130765510192,-0.7283203686823674,-0.7052196275941827,-0.6818274324396301,-0.6581426734126958,-0.634164240707372,-0.6098910245176443,-0.5853219150375025,-0.560455802460935,-0.5352915769819327,-0.5098281287944828,-0.4840643480925737,-0.4579991250701948,-0.43163134992133545,-0.4049599128399842,-0.3779837040201297,-0.3507016136557597,-1.2064160062549412,-1.2059939166765448,-1.2055738015468782,-1.205155647073868,-1.2047394395933162,-1.2043251655674776,-1.2039128115835582,-1.2035023643523404,-1.2030938107066889,-1.2026871376002162,-1.2022823321058735,-1.2018793814145876,-1.2014782728339526,-1.201078993786866,-1.200681531810262,-1.2002858745537917,-1.1998920097785826,-1.1994999253559653,-1.1991096092662394,-1.1987210495974794,-0.5386878675275409
-0.03837481882324001,-0.08369529635714501,-0.06454821280699341,-0.08819241070439265,-0.0026084937995609625,0.14622689425052227,-0.04601737546543183,-0.004292739897145514,0.007270044931370956,0.009814764445656987,-0.09421765041312935,-0.1792171366506633,-0.019670943714369726,0.10023739559402522,0.19868983848011612,0.10720475333336377,0.01740748797131464,-0.06388963825813676,-0.2006079675812159,-0.020870983735586157,0.016209620261541602,0.054549723123477056,0.09415405827391554,0.13502735913655095,-0.9865727185796271,-0.9538264366631266,-0.9206921601498763,-0.8871684682661408,-0.8532539402381975,-0.8189471552923142,-0.7842466926547633,-0.7491511315518178,-0.7136590512097485,-0.6777690308548272,-0.6414796497133264,-0.6047894870115182,-0.5676971219756709,-0.5302011338320607,-0.4923001018069564,-0.45399260512662865,-0.41527722301735237,-0.376152534705397,-0.33661711941703576,-0.2966695563785391,-1.1099539580628897,-1.1098506301502251,-1.109749731133359,-1.1096512316034959,-1.109555102529912,-1.109461315254537,-1.1093698414865316,-1.1092806532970003,-1.1091937231137532,-1.1091090237162116,-1.1090265282303153,-1.1089462101235845,-1.1088680432002478,-1.108792001596376,-1.1087180597752468,-1.108646192522602,-1.1085763749421045,-1.1085085824508556,-1.108442790774922,-1.1083789759450045,-0.8928311297112452
-0.08746373091613235,-0.060003750508013876,-0.029242600411535924,-0.010683087915918543,0.1576060970680686,0.19460981470816985,-0.017569698066002504,-0.006288114949973389,0.0006437414608899683,-0.09302221122260301,-0.1835804399158335,-0.22839965423160613,0.10437559807909125,0.2075825696099396,0.2597579001936141,0.009168661566810732,-0.07215549463730386,-0.13549162745309762,-0.20118502882636113,0.045304951606423005,0.0845897578843422,0.12525356274484767,0.16730780854826244,0.21076393765491153,-0.7924506338247483,-0.7707142510910033,-0.7486806809044637,-0.7263487498166719,-0.7037172843791755,-0.6807851111435177,-0.6575510566612456,-0.6340139474838988,-0.6101726101630253,-0.5860258712501726,-0.5615725572968797,-0.5368114948546936,-0.5117415104751616,-0.48636143070982485,-0.46067008211023,-0.43466629122792044,-0.4083488846144412,-0.38171668882133836,-0.3547685304001542,-0.32750323590243746,-1.2210284467644588,-1.220355460920325,-1.2196856025033134,-1.21901884754508,-1.2183551723175077,-1.2176945533297772,-1.2170369673254333,-1.216382391279544,-1.2157308023958047,-1.2150821781037782,-1.2144364960561522,-1.213793734125957,-1.2131538704040203,-1.2125168831961621,-1.2118827510207453,-1.2112514526060356,-1.2106229668876747,-1.209997273006216,-1.2093743503046706,-1.2087541783260698,-0.9611962245568408
-0.05454606465516465,-0.02016284668853563,-0.03038417821974826,0.14720354511562994,0.1815211042947189,0.045120443699257384,0.01908721433425442,0.0232898454507795,0.03100474103226669,-0.196684413075784,-0.24471306326742348,-0.2275255400165188,0.20732886894450542,0.2581887681789381,0.24064123772441115,-0.13094149925791276,-0.19532265715142438,-0.22978003390132806,-0.18069911965423702,0.1537355813704786,0.18872216100594263,0.22433741333661472,0.26056930430709335,0.29740579986197635,-0.9243079947508671,-0.8991461894464376,-0.8735931510449146,-0.8476468397191108,-0.8213052156418367,-0.794566238985902,-0.7674278699241195,-0.7398880686292977,-0.7119447952742484,-0.683596010031779,-0.6548396730747006,-0.625673744575826,-0.5960961847079651,-0.5661049536439264,-0.5356980115565217,-0.5048733186185604,-0.4736288350028517,-0.441962520882209,-0.40987233642944165,-0.37735624181735894,-1.2511372735643167,-1.2513303996609504,-1.251523672362813,-1.2517170843019882,-1.2519106282325998,-1.2521042970288414,-1.2522980836830588,-1.252491981303823,-1.25268598311404,-1.2528800824491442,-1.2530742727552497,-1.253268547587366,-1.2534629006077183,-1.2536573255839174,-1.2538518163873784,-1.2540463669915796,-1.2542409714704679,-1.2544356239968546,-1.2546303188408263,-1.2548250503682057,-0.9593581582026455
-0.04773194506342893,-0.05725755389895659,-0.0815320756139657,0.1962777106965201,0.06538030736011469,-0.0393986499375889,0.008277563199317717,0.01007701910873715,0.016678607619760477,-0.21471593248474874,-0.19765144528800493,-0.12887735746998863,0.2103419033198657,0.19494994270276766,0.13719999677693306,-0.15594592068661162,-0.1934064607126179,-0.20893760608933254,-0.10032649996602117,-0.030451278992530195,-0.00379566240604301,0.023098500595725824,0.050207034660471495,0.07750576443589363,-1.0579405340464445,-1.0329745795684686,-1.0076667012685243,-0.9820154267899835,-0.9560192837762607,-0.9296767998707279,-0.9029865027167869,-0.8759469199578174,-0.848556579237215,-0.820814008198367,-0.7927177344846652,-0.7642662857394985,-0.7354581896062575,-0.7062919737283329,-0.6767661657491104,-0.6468792933119856,-0.616629884060346,-0.5860164656375797,-0.5550375656870807,-0.5236917118522355,-1.1238077258315788,-1.124145774075997,-1.1244837285566813,-1.1248215804802661,-1.1251593212149549,-1.1254969422878054,-1.1258344353820608,-1.1261717923345613,-1.1265090051331212,-1.1268460659140567,-1.1271829669596838,-1.1275197006958468,-1.1278562596896085,-1.128192636646806,-1.128528824409814,-1.1288648159552135,-1.1292006043916185,-1.1295361829574277,-1.129871545018724,-1.130206684067132,-0.9574652241960858
-0.052262223239144645,-0.08877627683190359,-0.08938267485894924,0.04432936248938568,-0.04971131728238898,-0.04214338219092262,0.025664183063547785,0.03586054120846871,0.030729719083350204,-0.2195047677745573,-0.14390900562008213,-0.028428330663026302,0.22822285742923354,0.15787798370858486,0.059000000605711644,-0.21695837026319076,-0.21651338353596405,-0.1888296587205891,0.012321717564894419,0.15997041621124142,0.1759507189327989,0.19195522392745845,0.20796319408528507,0.22395389229634377,-0.5616035767437679,-0.5403723280155708,-0.5188857530175963,-0.4971428897988719,-0.4751427764084263,-0.4528844508952865,-0.43036695130848257,-0.4075893156970407,-0.3845505821099896,-0.36124978859635826,-0.33768597320517457,-0.3138581739854669,-0.289765428986262,-0.26540677625658726,-0.240781253845474,-0.21588789980194867,-0.19072575217503818,-0.16529384901377253,-0.1395912283671803,-0.11361692828428671,-1.5000922438038398,-1.5000062480296998,-1.4999202443248374,-1.4998342348036224,-1.4997482215433566,-1.4996622065849046,-1.499576191933309,-1.4994901795583802,-1.499404171395249,-1.4993181693449673,-1.4992321752750708,-1.499146191020057,-1.4990602183820787,-1.4989742591312885,-1.498888315006513,-1.4988023877156986,-1.4987164789363923,-1.498630590316315,-1.498544723473766,-1.4984588799981542,-0.9800748120439984
-0.07695736724894042,-0.08525151742134118,0.0009660048757402784,-0.060242332409564114,-0.04893055879944952,0.005321908885494331,0.032452577504938906,0.022508716496097092,0.007965028188821721,-0.1333190955565693,-0.01562537490255178,0.10952939412076779,0.15606623578714895,0.05442099289330571,-0.05028802298185797,-0.22929318842513646,-0.20865861283946396,-0.16551407107242222,0.07189244162634645,0.18507713916474988,0.20062918991789558,0.215633790615535,0.23004971346208314,0.24383573066195452,-0.8450362429327627,-0.8294237520366203,-0.8135442801150363,-0.7973964154771702,-0.7809787464321831,-0.7642898612892345,-0.7473283483574844,-0.7300927959460952,-0.7125817923642268,-0.6947939259210386,-0.676727784925692,-0.658381957687347,-0.639755032515164,-0.6208455977183032,-0.6016522416059265,-0.5821735524871908,-0.5624081186712616,-0.5423545284672948,-0.522011370184454,-0.5013772321318979,-1.5161481142797255,-1.5156104074358887,-1.5150752841494213,-1.5145427258252755,-1.5140127140455126,-1.5134852305671724,-1.5129602573202305,-1.5124377764055787,-1.5119177700929813,-1.5114002208191357,-1.5108851111856851,-1.5103724239573073,-1.5098621420598484,-1.5093542485783988,-1.5088487267554926,-1.5083455599892766,-1.5078447318316872,-1.5073462259867276,-1.506850026308682,-1.5063561168004447,-0.983462889577478
-0.08851358706823431,-0.0019165425252672952,0.1561726499774485,-0.03723365129487488,0.01181720450920265,0.020945860836918184,0.032756614314402244,0.003172892972582275,-0.02798539459152194,-0.02348308208936911,0.09844764142880225,0.19643250769062925,0.051192485467330906,-0.046024386779914384,-0.1257115198899038,-0.2025496540298295,-0.15778644097520722,-0.08712960016249094,0.1801171786013862,0.18313117822370928,0.1947289501672811,0.2057218490363779,0.2160739489330541,0.22574932395936287,-0.4916692519351009,-0.4836658011533367,-0.47553510464600957,-0.46727640211126453,-0.45888893324723823,-0.4503719377520712,-0.4417246553239045,-0.4329463256608803,-0.42403618846113567,-0.41499348342281495,-0.40581745024405547,-0.396507328622999,-0.38706235825778523,-0.3774817788465554,-0.367764830087449,-0.35791075167860786,-0.34791878331817117,-0.33778816470427875,-0.3275181355350739,-0.31710793550869265,-1.4752063030393145,-1.4748890420373653,-1.4745729624474369,-1.4742580580248257,-1.473944322565707,-1.4736317499068843,-1.473320333925474,-1.4730100685386551,-1.4727009477033313,-1.4723929654159031,-1.4720861157119303,-1.4717803926658444,-1.4714757903907674,-1.4711723030380914,-1.4708699247973196,-1.470568649895736,-1.470268472598132,-1.4699693872065556,-1.4696713880600176,-1.4693744695342599,-0.9895628008290502
-0.00766036769381051,0.13617949224202475,0.1662470842124144,0.013143558227396213,0.033606388846564084,0.033877411742268215,0.02521357787162737,0.0034642662324804174,-0.03937553674934424,0.11547702930769388,0.22628836034652178,0.27649807889033595,-0.04412334465721224,-0.13659877103276752,-0.20133044112128706,-0.18951062074816316,-0.12291442340020953,-0.03316866607444291,0.2208809488839305,0.1620024176084074,0.1699190334399141,0.1773328999085606,0.18421340200219194,0.1905299247086527,-0.8037700823570113,-0.7884794315249064,-0.7729725854291123,-0.7572486416114428,-0.7413066976137104,-0.7251458509777253,-0.7087651992453008,-0.6921638399582496,-0.675340870658385,-0.6582953888875158,-0.6410264921874558,-0.6235332781000199,-0.6058148441670168,-0.587870287930262,-0.5696987069315644,-0.551299198712738,-0.532670860815595,-0.5138127907819472,-0.49472408615360564,-0.4754038444723856,-1.5220009382306219,-1.5217837654334037,-1.5215678262794623,-1.5213531108084444,-1.5211396091637415,-1.5209273115911555,-1.5207162084376336,-1.520506290149976,-1.520297547273562,-1.5200899704511301,-1.5198835504215369,-1.5196782780185467,-1.5194741441697075,-1.51927113989506,-1.519069256306118,-1.5188684846046554,-1.5186688160815864,-1.518470242115906,-1.5182727541735481,-1.5180763438063827,-0.9953499664621475
0.1406068220487322,0.1764893991291987,0.03008662843932619,0.01646657844937649,0.018110983012131543,0.029069798184053752,-0.024632588383573628,-0.053717661316270315,-0.03595178188962034,0.21941972036214086,0.2724115173631587,0.25442819708124054,-0.11335251579036143,-0.17774869181163078,-0.21495377523765236,-0.07906425600529576,0.014916593550593715,0.11426146985764007,0.24007321648678226,0.23282572815362879,0.24519053484600328,0.25745418474673865,0.26959890439945,0.28160692034775225,-0.7115919395865631,-0.6971492807957257,-0.6825236691773917,-0.6677143864202021,-0.6527207142127875,-0.6375419342437849,-0.6221773282018256,-0.6066261777755482,-0.5908877646535853,-0.5749613705245724,-0.5588462770771432,-0.5425417659999316,-0.5260471189815739,-0.5093616177107039,-0.4924845438759582,-0.475415179165968,-0.4581528052693705,-0.4406967038747993,-0.4230461566708903,-0.4052004453462765,-1.553145026563679,-1.5525923756059459,-1.552041865490763,-1.5514934793278892,-1.5509472004001097,-1.5504030121610541,-1.5498608982330788,-1.5493208424051876,-1.5487828286308916,-1.548246841026206,-1.5477128638676318,-1.5471808815901418,-1.5466508787852766,-1.5461228401991427,-1.5455967507305897,-1.5450725954292899,-1.544550359493879,-1.544030028270191,-1.5435115872494203,-1.542995022066361,-0.960867704488311
0.18712782572202458,0.04752700941798893,-0.05098001420545961,0.03359625479215422,0.04700437371013466,0.050397016533213046,-0.04140394028773764,-0.04106933607898722,0.08900803392242373,0.246501749455047,0.224954781685049,0.1552601299691192,-0.19278740293880425,-0.2338354543293243,-0.24745460988793655,-0.014174875642862794,0.09278295367039369,0.18494573525898983,0.19478626952069678,0.23548310530808148,0.2452724218364548,0.2547441335251479,0.2638762186710597,0.27264665557109047,-0.7354724612414063,-0.7208484067947685,-0.7060455957851175,-0.6910633852684995,-0.6759011323009683,-0.6605581939385692,-0.6450339272373538,-0.6293276892533726,-0.6134388370426713,-0.597366727661302,-0.5811107181653131,-0.5646701656107569,-0.5480444270536768,-0.5312328595501281,-0.5142348201561557,-0.49704966592781374,-0.4796767539211475,-0.4621154411922084,-0.44436508479704506,-0.4264250417917075,-1.682587477706348,-1.68242474104346,-1.6822629818310855,-1.6821021921007833,-1.6819423639676598,-1.6817834896293147,-1.6816255613647875,-1.6814685715335373,-1.6813125125743884,-1.6811573770045751,-1.6810031574186999,-1.6808498464877757,-1.6806974369583187,-1.680545921651294,-1.6803952934613033,-1.6802455453555742,-1.680096670373095,-1.6799486616237345,-1.6798015122873096,-1.6796552156128,-0.9766243225559548
0.047206518461948566,-0.04978781134272103,-0.048758350012099716,0.04512859608838049,0.04355070959838536,0.031085620221867227,-0.041853482893260185,0.098394747680707,0.20651830613878652,0.22405918419480653,0.1459450933560651,0.04217383713143419,-0.2245048281416001,-0.22952721431317247,-0.2106701536856005,0.11573551700566975,0.20294681884369448,0.24518297482809093,0.06945772329418709,0.28308231079144086,0.3134867899683105,0.34406124051412457,0.37478777433720634,0.4056485033458863,-0.9108667853213314,-0.8880144694099332,-0.8648122515700569,-0.8412582590422002,-0.8173506190668667,-0.7930874588845558,-0.7684669057357694,-0.743487086861008,-0.7181461295007723,-0.692442160895564,-0.6663733082858838,-0.6399376989122318,-0.6131334600151114,-0.5859587188350199,-0.5584116026124619,-0.5304902385879378,-0.5021927540019459,-0.4735172760949883,-0.4444619321075678,-0.4150248492801839,-1.368717016205532,-1.3681880014268852,-1.3676617579265846,-1.3671382644943932,-1.366617500132432,-1.3660994440526046,-1.3655840756739905,-1.3650713746203496,-1.3645613207175513,-1.3640538939911644,-1.3635490746639813,-1.3630468431536265,-1.3625471800702484,-1.3620500662140846,-1.3615554825732838,-1.3610634103215393,-1.3605738308159303,-1.3600867255946831,-1.359602076375025,-1.3591198650510357,-0.7203203722221545
-0.04201746805506712,-0.042373618778594024,0.007056709189686705,0.023432351956270026,0.014793806739285209,0.0002743925449748552,0.1009668723269479,0.20784182024834674,0.09715179098553173,0.14655337006283564,0.05824719805663903,-0.03427974606362838,-0.21284305971115203,-0.20161026454254616,-0.16646032307511804,0.16472910909335536,0.21385936543839623,0.20704132474367776,0.007295629534988857,0.36567916781022736,0.3808127896979949,0.39539392681050045,0.409387581388865,0.4227587556742125,-0.982984012958793,-0.9609576721866713,-0.9385821392331822,-0.9158556754744868,-0.8927765422867411,-0.8693430010460954,-0.8455533131287054,-0.8214057399107226,-0.7968985427683013,-0.7720299830775947,-0.746798322214757,-0.721201821555942,-0.6952387424773037,-0.6689073463549946,-0.6422058945651685,-0.6151326484839796,-0.5876858694875808,-0.5598638189521273,-0.5316647582537726,-0.5030869487686662,-1.4827746822000334,-1.4821519126491738,-1.4815319671902367,-1.480914826840477,-1.4803004727869118,-1.4796888863843811,-1.479080049153706,-1.4784739427798776,-1.4778705491101574,-1.477269850152387,-1.4766718280731173,-1.4760764651959082,-1.4754837439996435,-1.4748936471167413,-1.4743061573315521,-1.4737212575786702,-1.4731389309412914,-1.4725591606496096,-1.4719819300792147,-1.4714072227495496,-0.8258514430878418
-0.045023618537152976,0.0018879023131366246,0.01986001552460248,0.021702205423005827,-0.012377595619431747,-0.04240674234894526,0.206473446211471,0.10067519731361751,-0.07061772456664728,0.060812933061539454,-0.037256527772705716,-0.12158825562977205,-0.19786901351761887,-0.14953353725037555,-0.07731965468236734,0.22558182155687057,0.21227695360840193,0.15703716177220395,-0.06920484800264692,0.32403736938675576,0.338374423218579,0.35199390118040985,0.3648585400691733,0.3769310766817897,-0.8417647476975136,-0.815902616225653,-0.7897008092734883,-0.7631579407457691,-0.736272624547248,-0.7090434745826772,-0.6814691047568073,-0.6535481289743914,-0.6252791611401796,-0.5966608151589238,-0.5676917049353756,-0.538370444374286,-0.5086956473804084,-0.47866592785849205,-0.4482798997132903,-0.41753617684955335,-0.38643337317203463,-0.3549701025854831,-0.3231449789946519,-0.29095661630429304,-1.4394904803126387,-1.438801472251234,-1.4381162264417222,-1.4374347131788594,-1.436756903061869,-1.4360827669906477,-1.435412276161995,-1.4347454020659038,-1.434082116481902,-1.4334223914754538,-1.4327661993944187,-1.4321135128655171,-1.4314643047909548,-1.4308185483449385,-1.4301762169704384,-1.429537284375784,-1.428901724531467,-1.4282695116669573,-1.427640620267501,-1.4270150250710387,-0.9425755150357943
0.027791651226887426,0.03653013727801446,0.028209527116589195,0.030387045577674465,-0.003643127049782424,-0.05911398027910064,0.09616378753255739,-0.07790283281651511,-0.13987511401908315,-0.048050161738890984,-0.13658476971128553,-0.19792395167455323,-0.17092056885294726,-0.09238301097104751,0.011883341697617622,0.23517679582464912,0.1517370435657608,0.04423866350548833,-0.18984758703528581,0.2738885053519735,0.284995926318909,0.29554292017476835,0.3054999410421497,0.3148374430436496,-1.0482963425152672,-1.0241747033875916,-0.9996647137222889,-0.974764467170881,-0.9494720573848804,-0.9237855780158175,-0.8977031227151986,-0.8712227851345491,-0.8443426589253902,-0.8170608377392365,-0.7893754152276111,-0.7612844850420296,-0.7327861408340142,-0.7038784762550804,-0.6745595849567505,-0.6448275605905431,-0.6146804968079757,-0.5841164872605688,-0.5531336255998411,-0.5217300054773109,-1.5121663617696208,-1.5116070693286674,-1.511050999838587,-1.5104981268694615,-1.5099484242696466,-1.5094018661622106,-1.5088584269414307,-1.5083180812693566,-1.5077808040723477,-1.5072465705377773,-1.506715356110686,-1.506187136490529,-1.5056618876280243,-1.505139585721908,-1.5046202072158956,-1.5041037287955659,-1.5035901273853622,-1.5030793801456102,-1.5025714644695702,-1.5020663579805795,-0.9787970815895707
0.013989893308804957,0.022223692098935377,0.036803034522862266,-0.001852215701193427,-0.049422743169261985,-0.05688851966192354,-0.04760710558521486,-0.12223081780451417,-0.08762979491188594,-0.1276904596560523,-0.19308789830277662,-0.2319382286725301,-0.10276708553564096,0.0014356036644922465,0.11497243102088128,0.1569686085558113,0.05632879434408733,-0.04239145046662396,-0.1535269763371494,0.2003685463036804,0.21585482994096972,0.23118129925476172,0.24633225262350633,0.2612919884256544,-0.7724423306910422,-0.7535069184950208,-0.7342284367416971,-0.714604689010973,-0.6946334788827451,-0.6743126099369133,-0.6536398857533796,-0.6326131099120417,-0.6112300859927994,-0.5894886175755529,-0.5673865082402006,-0.5449215615666436,-0.5220915811347819,-0.4988943705245139,-0.47532773331573974,-0.45138947308835864,-0.4270773934222717,-0.4023892978973762,-0.3773229900935742,-0.3518762735907648,-1.513818926880223,-1.5135070572732148,-1.513197117549422,-1.5128890913788826,-1.5125829626071687,-1.5122787152531572,-1.5119763335067682,-1.51167580172677,-1.5113771044385473,-1.5110802263320122,-1.5107851522594722,-1.51049186723349,-1.5102003564249595,-1.5099106051609297,-1.509622598922752,-1.5093363233440271,-1.5090517642087111,-1.508768907449216,-1.5084877391445115,-1.5082082455183141,-0.9826625076986175
0.03773984593302382,0.041153473958442044,0.04571337022217903,-0.048017432818544536,-0.053929892139771396,0.0749704230593442,-0.1010153411072251,-0.05760953280954206,0.0007397034013707504,-0.18272678880704674,-0.21542248079873683,-0.22157535664768047,0.01840718596397739,0.12557500629196783,0.21433211135028518,0.035355724806218625,-0.062289550950340944,-0.13251935285061278,-0.10267740908443279,0.2520717896517173,0.26448013543242177,0.276598269055935,0.2884094456501687,0.2998969203430344,-1.1753006051475938,-1.1599606055558405,-1.1443589721351723,-1.1284944309761156,-1.1123657081691798,-1.095971529804857,-1.0793106219736734,-1.0623817107661213,-1.0451835222727266,-1.0277147825839819,-1.0099742177904043,-0.9919605539824952,-0.9736725172507804,-0.9551088336857437,-0.9362682293779112,-0.9171494304177847,-0.8977511628958732,-0.878072152902686,-0.8581111265287305,-0.8378668098645151,-1.613718430820882,-1.6133902360816184,-1.613064454388951,-1.6127410634171468,-1.6124200410938583,-1.6121013655966632,-1.611785015349759,-1.6114709690206293,-1.611159205516782,-1.6108497039825322,-1.610542443795886,-1.6102374045653405,-1.6099345661269668,-1.6096339085412366,-1.6093354120901784,-1.6090390572743969,-1.6087448248101874,-1.608452695626744,-1.6081626508633167,-1.6078746718665329,-0.9771147021989584
0.01884272815278787,0.027059267938907894,0.030150294294497115,-0.06586805952293528,0.07470928512439912,0.20317787073190519,-0.04582808046135933,0.024218498375518482,0.049325763419740376,-0.19970606673794533,-0.21213590782871605,-0.19893207128796975,0.11490537667411105,0.20222046115396375,0.23604039821522727,-0.11739856587600839,-0.18236204050356508,-0.19847278197579288,-0.014069275588506014,0.27243446867362,0.2861713069474745,0.29976418377876124,0.31319934102680214,0.3264630205509238,-0.5248680076911161,-0.5086503905645197,-0.4922122743821259,-0.47555270405866734,-0.4586707245088725,-0.4415653806474725,-0.4242357173891953,-0.406680779648774,-0.38889961234093684,-0.37089126038041387,-0.3526547686819367,-0.33418918216023197,-0.31549354573003296,-0.2965669043060706,-0.2774083028030695,-0.25801678613576506,-0.23839139921888608,-0.218531186967161,-0.19843519429532142,-0.1781024661180982,-1.6358565683477941,-1.6348964456930322,-1.6339401436657888,-1.6329876399398673,-1.632038912359174,-1.6310939389361325,-1.6301526978501575,-1.6292151674461228,-1.628281326232792,-1.6273511528813667,-1.626424626223945,-1.6255017252520767,-1.6245824291153101,-1.623666717119698,-1.62275456872645,-1.6218459635504496,-1.6209408813588673,-1.6200393020698198,-1.6191412057509305,-1.6182465726180342,-0.9815850441753187
0.02197412111274666,0.02378277927342154,0.024089639276127617,0.07129368044134976,0.19759363206105118,0.10012083753628032,-0.005954320002980684,0.012805803214133826,-0.007333561728818605,-0.2308394995824269,-0.2151772503633469,-0.17137054984760847,0.21000856757840403,0.24858170411734015,0.21257019241155506,-0.14624611608008575,-0.17064639706411622,-0.15353017092536625,0.016291008773224647,0.2820324720536891,0.28916931515199096,0.2957417016413688,0.30172739789871517,0.30710417030092074,-0.6908665890282765,-0.6798785514523241,-0.6687112892884636,-0.6573639466826418,-0.6458356677808099,-0.6341255967289139,-0.622232877672904,-0.6101566547587265,-0.5978960721323314,-0.5854502739396664,-0.5728184043266777,-0.5599996074393181,-0.546993027423531,-0.5337978084252684,-0.5204130945904761,-0.5068380300651041,-0.4930717589951005,-0.47911342552641045,-0.46496217380498617,-0.4506171479767762,-1.6036240087614557,-1.6032130996020424,-1.6028039237898093,-1.6023964680993559,-1.6019907194373904,-1.6015866648411006,-1.601184291476571,-1.6007835866372073,-1.6003845377421506,-1.5999871323347739,-1.5995913580811747,-1.599197202768622,-1.5988046543042107,-1.598413700713269,-1.5980243301380774,-1.5976365308363434,-1.597250291179878,-1.5968655996532273,-1.5964824448522918,-1.5961008154830552,-0.965942962331985
0.03653059484675536,0.013086482490166862,-0.018817801482775343,0.19410364278003978,0.09950401581843282,-0.04472129070812336,0.01048037900633303,-0.015453971956214008,-0.04502784513769942,-0.21973458710212157,-0.1789572846665315,-0.10465333051703096,0.2419429488487128,0.20774040835202912,0.1204194715200364,-0.1824169477882639,-0.16040219784721033,-0.1063583731159834,0.0894970830617472,0.23759968055131564,0.24529892000692732,0.2525947470395429,0.2594738820282514,0.26592304535214306,-0.6138631334801261,-0.5948699665890173,-0.5755962675156473,-0.5560406592998728,-0.536201764981544,-0.516078207600519,-0.495668610196651,-0.47497159580979076,-0.453985787479796,-0.4327098082465184,-0.41114228114981277,-0.3892818292295338,-0.3671270755255338,-0.34467664307766854,-0.32192915492579066,-0.2988832341097556,-0.27553750366941687,-0.25189058664462605,-0.22794110607524087,-0.20368768500111278,-1.5328927607487102,-1.5320059639783623,-1.531123427411246,-1.5302451205734613,-1.5293710132797473,-1.5285010756301065,-1.5276352780064892,-1.5267735910694706,-1.525915985754958,-1.5250624332710618,-1.5242129050948516,-1.5233673729692434,-1.5225258089000127,-1.5216881851525932,-1.5208544742492596,-1.5200246489660438,-1.5191986823298902,-1.5183765476157558,-1.51755821834377,-1.5167436682764737,-0.9228025848151029
0.01770777934881651,-0.01325986996330697,-0.05395595225109584,0.10256129853229767,-0.05448813023099386,-0.11051235043486574,-0.0018042382944341018,-0.0467581472646178,-0.02403467560435002,-0.15428991059027652,-0.09167532707331683,0.001002496164855815,0.2011330846119359,0.11238939703313933,0.0019434725842586431,-0.17866488251287205,-0.12423911126721465,-0.055526658973086396,0.09458588800593382,0.39685263338326804,0.40147278274166753,0.40532423514798444,0.40838352664252464,0.4106271932655934,-0.7592209451413396,-0.7369751989852193,-0.7144022416964524,-0.6915004273174407,-0.6682681098905852,-0.644703643458286,-0.6208053820629427,-0.5965716797469551,-0.5720008905527252,-0.5470913685226524,-0.5218414676991359,-0.4962495421245784,-0.4703139458413793,-0.44403303289193785,-0.417405157318655,-0.3904286731639319,-0.3631019344701668,-0.3354232952797618,-0.30739110963511684,-0.27900373157863234,-1.6375086183745218,-1.636485220023562,-1.635466417297784,-1.6344521785248025,-1.6334424723222976,-1.6324372675947219,-1.631436533530059,-1.6304402395966062,-1.6294483555397354,-1.6284608513788434,-1.627477697404188,-1.626498864173876,-1.6255243225108618,-1.6245540434999413,-1.6235879984848651,-1.6226261590654336,-1.6216684970946185,-1.6207149846757976,-1.6197655941599352,-1.6188202981428848,-0.7961680431588953
0.007848441697291042,-0.04565934987707665,-0.07416516996681533,-0.039748932485336286,-0.09453624134820693,-0.050698421181588516,-0.038386448131287554,-0.041827993398403596,0.05344397634913034,-0.09739440973530966,-0.011184838142865305,0.09129753542446628,0.10160078296745145,-0.006704733014377018,-0.10417401825778261,-0.0830382189322556,-0.004407390744971984,0.06813820165075768,0.13362072621547538,0.4982755060301398,0.504515474004307,0.5099554337800871,0.5145715388254324,0.5183399426082951,-0.8380525600212352,-0.8200808585031618,-0.8017945868381514,-0.7831919929503071,-0.764271324763733,-0.7450308302025319,-0.725468757190807,-0.7055833536526597,-0.6853728675121968,-0.6648355466935205,-0.6439696391207317,-0.6227733927179351,-0.6012450554092339,-0.5793828751187304,-0.557185099770529,-0.534649977288733,-0.5117757555974431,-0.48856068262076713,-0.4650030062828039,-0.4411009745076587,-1.5995617663232482,-1.5985112202661296,-1.5974656690417808,-1.5964250772445543,-1.595389409801492,-1.5943586319684684,-1.593332709326353,-1.5923116077772388,-1.5912952935407019,-1.590283733150117,-1.589276893449059,-1.5882747415876937,-1.587277245019306,-1.5862843714967543,-1.5852960890690995,-1.5843123660781888,-1.5833331711553331,-1.5823584732179996,-1.581388241466591,-1.5804224453812292,-0.926109046715691
-0.07821562441863905,-0.050699518600262006,0.0846050752058003,-0.09076131590830727,-0.03923035726513613,0.022142829827098698,-0.0215144013559897,0.07561997393032382,0.1702262421041909,0.032465814659607295,0.13057890075400413,0.206681039848013,-0.01936753739089636,-0.11688437014955455,-0.1801791219258707,-0.040981038183413254,0.028999110572774267,0.08340519672237257,0.10466062989341607,0.46957731006215364,0.4723776780580131,0.4743286457291136,0.4754045039796726,0.47557954371390787,-0.9142606649411582,-0.906586513639221,-0.8987081726891875,-0.8906243326894673,-0.8823336842384655,-0.8738349179345871,-0.8651267243762407,-0.8562077941618316,-0.8470768178897681,-0.8377324861584546,-0.8281734895663004,-0.8183985187117092,-0.8084062641930909,-0.7981954166088508,-0.787764666557394,-0.7771127046371298,-0.7662382214464636,-0.7551399075838002,-0.74381645364755,-0.7322665502361182,-1.6900015042280658,-1.6889019888814114,-1.6878078411912303,-1.6867190222380852,-1.6856354934755649,-1.684557216725778,-1.6834841541750634,-1.6824162683696664,-1.6813535222114222,-1.6802958789536664,-1.679243302197031,-1.6781957558853762,-1.6771532043018518,-1.676115612064816,-1.6750829441240511,-1.6740551657568339,-1.6730322425641448,-1.6720141404669902,-1.6710008257026097,-1.6699922648209307,-0.9400509171813938
-0.05868881311485419,0.07338096916685455,0.1890015047474558,-0.04819306218242181,0.0021445517340252795,0.026047536766742763,0.05033725515108456,0.149494904633507,0.1328860449541296,0.11876238726644561,0.20700007079123894,0.2434879528400553,-0.1003594792847009,-0.17344275381010443,-0.19979424819526925,0.05268384766633383,0.11707849657941116,0.15177135289101096,0.10811556926451948,0.4315974368124553,0.43431915660762677,0.43599586803768675,0.43659606324198275,0.43608823435986244,-0.740867394951578,-0.7188507061872007,-0.6965134794338915,-0.6738541078878357,-0.6508709847452192,-0.6275625032022232,-0.6039270564550334,-0.5799630376998327,-0.5556688401328063,-0.5310428569501379,-0.5060834813480114,-0.4807891065226133,-0.45515812567012437,-0.4291889319867299,-0.40287991866861494,-0.37622947891196323,-0.3492360059129592,-0.32189789286778603,-0.2942135329726284,-0.2661813194236714,-1.648797392383228,-1.6485333078203328,-1.648270761172598,-1.6480097388817132,-1.647750227538966,-1.6474922138832313,-1.6472356847990324,-1.6469806273146639,-1.6467270286002398,-1.6464748759658663,-1.646224156859817,-1.6459748588666887,-1.645726969705695,-1.6454804772288236,-1.645235369419203,-1.6449916343893638,-1.6447492603795437,-1.6445082357560927,-1.6442685490098035,-1.644030188754359,-0.9554227758368345
0.06937875309728003,0.18565919596518698,0.1003901534714855,0.017027803164782807,0.03422163387252164,-0.00282333809221047,0.15456494649665253,0.13057899919171434,0.02717843261944597,0.19382663303055137,0.2327051883157336,0.19914617078028063,-0.16212645449660268,-0.1842691022439844,-0.156995894797484,0.12175620063977255,0.13902254033003913,0.12144494644026871,-0.001068201245260525,0.4338143880197447,0.4371523762150813,0.43945785155825146,0.44069773181220984,0.44083893473990887,-0.6396614224721073,-0.6266753093858743,-0.613505918063496,-0.6001524667919962,-0.5866141738584045,-0.5728902575497464,-0.5589799361530483,-0.5448824279553373,-0.5305969512436404,-0.5161227243049874,-0.5014589654263995,-0.48660489289490894,-0.4715597249975386,-0.45632268002131815,-0.44089297625327406,-0.42526983198043333,-0.4094524654898223,-0.393440095068467,-0.3772319390033958,-0.3608272155816349,-1.5653471427709806,-1.5644579213178609,-1.5635728414966463,-1.562691873802777,-1.5618149890101476,-1.5609421581678764,-1.560073352597097,-1.5592085438877525,-1.558347703895488,-1.5574908047385394,-1.5566378187947063,-1.5557887186983224,-1.554943477337363,-1.5541020678504183,-1.5532644636239084,-1.5524306382891937,-1.5516005657197725,-1.5507742200285444,-1.5499515755650448,-1.549132606912806,-0.9781976524874937
0.1907427814011815,0.08469128202770304,-0.06365833743447635,0.04971762083661102,0.016198337185467704,-0.036508059026253536,0.12901882954814647,0.02743954610298882,-0.06218618082287042,0.24397141066411376,0.20587479252302687,0.11248435457260597,-0.19177465206867106,-0.15981225904827767,-0.09277206127182547,0.12493830178713439,0.11015273180325158,0.07689897688875358,-0.015891439134725793,0.5006450445450272,0.49459121339642453,0.4872634006397649,0.4786315442134914,0.4686655820560488,-0.8056154266492366,-0.7863648561140165,-0.7668064826317004,-0.7469386189685707,-0.7267595778909101,-0.7062676721650004,-0.6854612145571286,-0.6643385178335748,-0.6428978947606215,-0.6211376581045542,-0.5990561206316554,-0.5766515951082067,-0.5539223943004936,-0.5308668309747978,-0.5074832178974003,-0.4837698678345872,-0.459725093552641,-0.43534720781784275,-0.41063452339647943,-0.3855853530548302,-1.6781951134502315,-1.6770191163373789,-1.6758484020461037,-1.6746829353154187,-1.6735226811974235,-1.6723676050538496,-1.6712176725526735,-1.670072849664712,-1.668933102660281,-1.6677983981059334,-1.6666687028612006,-1.6655439840753756,-1.6644242091843995,-1.663309345907672,-1.6621993622450393,-1.6610942264737398,-1.6599939071453542,-1.6588983730829185,-1.6578075933779521,-1.6567215373875996,-0.9831268252067482
0.0993533844609169,-0.046996672526071426,-0.10038681856096587,0.007239253750873864,-0.03663624654655995,-0.036985429443726625,0.03675235296223178,-0.058477274733880535,-0.08769889583949586,0.2007227146599162,0.11506730301834822,0.006374925924961028,-0.1625278840993135,-0.09705194208775891,-0.016007001702396884,0.11846867545689288,0.08748218971964716,0.051373866841575744,-0.002807155053637378,0.4324974248813682,0.43400171998750237,0.4344446748531674,0.43379704757702253,0.4320295962577274,-0.9035666380973935,-0.8786255185168838,-0.853275764523653,-0.8275151546014993,-0.8013414672342206,-0.774752480905617,-0.7477459740994858,-0.7203197252996268,-0.6924715129898389,-0.6641991156539198,-0.6355003117756687,-0.6063728798388842,-0.5768145983273656,-0.5468232457249121,-0.5163966005153198,-0.48553244118238936,-0.45422854620991937,-0.42248269408171,-0.3902926632815582,-0.35765623229326127,-1.6726800730222282,-1.6719696774768502,-1.6712635133807079,-1.6705615449971662,-1.6698637369733254,-1.6691700543350578,-1.6684804624820657,-1.6677949271831105,-1.6671134145711966,-1.666435891138896,-1.6657623237337398,-1.6650926795536505,-1.6644269261425115,-1.663765031385665,-1.6631069635056646,-1.6624526910579283,-1.6618021829265177,-1.6611554083200275,-1.6605123367674537,-1.659872938114165,-0.9895058756397226
-0.039917748177985435,-0.09416420406142734,-0.04305244287636212,-0.037399757775513964,-0.05468856178385162,0.03641607371319977,-0.05086540226982672,-0.08141922048119166,-0.07350840612436893,0.11924186155159178,0.004918327087998664,-0.1029613883652779,-0.08899690023639972,0.0029622252092624812,0.08689667756573649,0.09765434101590231,0.05222855857885267,0.01750483302210526,7.605047762426764e-05,0.4916532727484295,0.4900800725609771,0.487513894571026,0.48393170967860377,0.4793104887837365,-0.7991935945215956,-0.777184152428309,-0.7548379718678796,-0.7321533338377858,-0.7091285193355013,-0.6857618093585063,-0.6620514849042796,-0.6379958269702947,-0.6135931165540365,-0.5888416346529755,-0.5637396622645943,-0.5382854803863669,-0.5124773700157733,-0.4863136121502917,-0.45979248778739856,-0.4329122779245722,-0.40567126355929006,-0.3780677256890297,-0.35009994531127064,-0.32176620342348805,-1.773704822311692,-1.7729850115258179,-1.7722692289893431,-1.7715574423773268,-1.7708496197000692,-1.7701457292988412,-1.7694457398417307,-1.7687496203195239,-1.768057340041623,-1.767368868632064,-1.76668417602558,-1.766003232463683,-1.765326008490916,-1.764652474950998,-1.7639826029831815,-1.7633163640185519,-1.7626537297764249,-1.7619946722608288,-1.7613391637569569,-1.7606871768277532,-0.9826090117375627
-0.10628208397504668,-0.0695021990335094,-0.0034821721323103905,-0.037641597355704826,0.05461855902382595,0.1574702685843512,-0.07227358083836999,-0.06362730896961621,-0.03976748667020458,0.0014281967437814735,-0.0979772728601086,-0.16243435168294473,-0.0035711528742434773,0.06785787771774987,0.11348953914110904,0.015290557531311588,-0.010069051124885764,-0.01497953550650144,0.02616761982106497,0.41038054569064797,0.3943662906088379,0.37650568287906383,0.35675509893410573,0.33507091520674526,-0.6550509323046165,-0.6344010927223189,-0.6134041583101031,-0.5920581898628516,-0.5703612481754505,-0.54831139404278,-0.5259066882597259,-0.5031451916211702,-0.4800249649219974,-0.4565440689570882,-0.4327005645213273,-0.4084925124095997,-0.383917973416783,-0.3589750083377683,-0.3336616779674316,-0.3079760431006615,-0.28191616453233814,-0.2554801030573457,-0.2286659194705679,-0.20147167456688742,-1.7487783290580985,-1.7473171348669418,-1.745862663683182,-1.7444148690316397,-1.7429737048640206,-1.7415391255540018,-1.7401110858924744,-1.738689541082747,-1.7372744467358574,-1.7358657588659883,-1.7344634338858635,-1.7330674286022494,-1.7316777002115709,-1.7302942062954467,-1.7289169048164599,-1.72754575411384,-1.7261807128992466,-1.7248217402526793,-1.7234687956183257,-1.7221218388005703,-0.9905435601150575
-0.05201405808393755,0.018448251264432614,0.03612449597319167,0.06145101587816093,0.15682738043654498,0.1439000773772281,-0.0578329352512682,-0.03869230829270853,0.008568692992664273,-0.1014892746614372,-0.16747565371518358,-0.1831262272824732,0.05480042045205735,0.0908376435020819,0.09018136655863973,-0.037849397034723786,-0.03305046502754061,-0.013101528309514499,0.03481921997018622,0.3667715369387228,0.35421872080816996,0.3404789989948429,0.32553178495187596,0.30935649213240524,-0.6439208257265224,-0.6249616546886896,-0.605676082363326,-0.5860620337128193,-0.5661174336995596,-0.5458402072859352,-0.5252282794343333,-0.5042795751071443,-0.4829920192667553,-0.46136353687555554,-0.4393920528959311,-0.4170754922902743,-0.3944117800209713,-0.37139884105041054,-0.3480346003409821,-0.32431698285507027,-0.3002439135550684,-0.2758133174033619,-0.2510231193623421,-0.22587124439439377,-1.765134912241039,-1.7642835100796204,-1.7634362812200104,-1.7625931950225673,-1.761754221144392,-1.760919329535759,-1.7600884904366514,-1.759261674373281,-1.7584388521546543,-1.7576199948692603,-1.7568050738816976,-1.7559940608294449,-1.755186927619674,-1.7543836464259577,-1.753584189685302,-1.7527885300949169,-1.7519966406092393,-1.7512084944369306,-1.750424065037883,-1.7496433261203603,-0.9912547820588263
0.00524626010958551,0.02659146657390421,-0.002090884291502837,0.16020244769247505,0.14668702744161033,0.04067360560871025,-0.03182238056328357,0.028447555090449272,0.10624893171584526,-0.14506027145961808,-0.16905418767161173,-0.14473834738807356,0.08845393341398844,0.09441824094841977,0.07102267465246825,-0.0310014122745067,-0.018402495608620284,0.0017747528733071949,0.03085728253983544,0.421994534786581,0.42130476508241066,0.41970161214245505,0.41716398283109624,0.4136707840127152,-0.7502282075276407,-0.7356790468767205,-0.7209095674979987,-0.705918705318485,-0.6907053962651872,-0.6752685762651146,-0.6596071812452766,-0.6437201471326794,-0.6276064098543346,-0.6112649053372481,-0.5946945695084305,-0.577894338294888,-0.5608631476236323,-0.5435999334216689,-0.5261036316160084,-0.508373178133658,-0.4904075089016283,-0.4722055598469257,-0.4537662668965592,-0.43508856597753853,-1.7801148276888048,-1.7797263477665966,-1.7793402070441657,-1.7789563852009849,-1.7785748621386899,-1.7781956179781533,-1.7778186330565995,-1.7774438879248253,-1.7770713633443351,-1.776701040284632,-1.7763328999205232,-1.7759669236294118,-1.7756030929887563,-1.7752413897733705,-1.7748817959529855,-1.774524293689693,-1.7741688653354641,-1.7738154934297459,-1.7734641606970534,-1.7731148500446134,-0.9658078507380384
0.02526541536338356,0.002109954326871666,-0.03846741073190074,0.14201764957277008,0.04256124864710764,-0.04083665970605188,-0.005651810378573208,0.08881644086315377,0.1433537143920156,-0.16593277434698217,-0.1403523918163374,-0.08050691941542876,0.1099062318767865,0.08406345198107079,0.04189123361592095,-0.02519880128749774,-0.007687142232594368,0.009601371260348213,0.015064005967784455,0.21780667420589594,0.21028202858266054,0.20146349122788365,0.19132057196219288,0.17982278060621626,-0.7022185895220582,-0.6813401482270223,-0.660157715248128,-0.6386698252476017,-0.6168750128876705,-0.5947718128305641,-0.5723587597385081,-0.5496343882737339,-0.5265972330984703,-0.5032458288749404,-0.47957871026537546,-0.45559441193200345,-0.43129146853705336,-0.4066684147427525,-0.38172378521133044,-0.3564561146050109,-0.33086393758602717,-0.30494578881660295,-0.2787002029589697,-0.2521257146753546,-1.6086081803368164,-1.6082396164776163,-1.6078736318462687,-1.6075102030758237,-1.6071493070613325,-1.606790920956339,-1.6064350221694723,-1.6060815883610235,-1.605730597439591,-1.6053820275588206,-1.605035857114128,-1.6046920647395253,-1.6043506293044965,-1.6040115299108444,-1.6036747458897156,-1.6033402567985513,-1.6030080424181434,-1.602678082749728,-1.6023503580121001,-1.6020248486388358,-0.9389398472210219
-0.0011618924477850845,-0.032037761074493964,-0.031678338632220915,0.05002999873931668,-0.03135573230849964,-0.0625225185447279,0.08567990967428152,0.1299469278532419,0.08861803215050523,-0.13925781002327187,-0.07998391580635544,-0.008501472689989464,0.06768689709553977,0.026782357664909995,-0.011163674680818247,0.022383545332438137,0.0481317746143155,0.06063113718782498,0.020795326932492753,0.32379294241418166,0.3185310560451058,0.3123057798905182,0.30510484117640924,0.2969159671287678,-0.6134796424641257,-0.5994053764921139,-0.5851016294254114,-0.5705672077534649,-0.5558009179657244,-0.5408015665516424,-0.5255679600006633,-0.5100989048022411,-0.49439320744582427,-0.4784496744208595,-0.4622671122168003,-0.4458443273230931,-0.4291801262291899,-0.4122733154245388,-0.3951227013985902,-0.37772709064079213,-0.36008528964059583,-0.3421961048874492,-0.3240583428708036,-0.3056708100801071,-1.667547042481234,-1.6658327887298918,-1.6641265970604868,-1.6624284110141367,-1.660738174656759,-1.6590558325729878,-1.6573813298602131,-1.6557146121227002,-1.6540556254656757,-1.6524043164896889,-1.6507606322848747,-1.6491245204253828,-1.647495928963894,-1.6458748064261395,-1.6442611018055877,-1.6426547645581082,-1.641055744596771,-1.6394639922867167,-1.6378794584400385,-1.636302094310809,-0.9914280266711658
-0.035777939322688246,-0.03883896937620035,0.05508345438103257,-0.037998292288921376,-0.07308415987866768,-0.06875678368112181,0.1408217225135513,0.10047538711945281,0.02320659221221777,-0.07747141221290776,-0.0003518444342087701,0.06811131342799759,0.046302379465721355,0.005324275385570232,-0.018467968015416836,0.042227108387527634,0.049148818366315794,0.04272412555972127,-0.020715081566528237,0.46447511065554536,0.45190417912070924,0.43822549182835724,0.42342816391745997,0.40750131052698957,-0.8576933910088641,-0.8285681716129221,-0.7990062434783757,-0.7690053398636265,-0.7385631940270807,-0.7076775392271399,-0.676346108722212,-0.644566635770698,-0.6123368536310019,-0.5796544955615307,-0.5465172948206838,-0.5129229846668713,-0.47886929835849423,-0.4443539691539561,-0.4093747303116626,-0.3739293150900159,-0.33801545674742295,-0.30163088854228604,-0.26477334373300954,-0.22744055557799714,-1.6999119889459973,-1.6989147444797656,-1.6979227933137349,-1.6969360944752587,-1.6959546074055076,-1.6949782919543521,-1.6940071083753083,-1.6930410173205372,-1.6920799798359312,-1.6911239573562868,-1.6901729117005084,-1.68922680506692,-1.6882856000286615,-1.6873492595290467,-1.6864177468771413,-1.685491025743296,-1.6845690601547305,-1.6836518144913106,-1.682739253481215,-1.6818313421968216,-0.8343929648696139
-0.04953811315918755,0.05566946686077334,0.17415620580141433,-0.08470519247710895,-0.08498175809704533,-0.0565189022477911,0.08760816912776326,0.02046104082550526,-0.021125701681961817,-0.015235638037507937,0.04409896102630961,0.07890717639436384,-0.021027009266261998,-0.03409589572941529,-0.02367147677737913,0.08764507347109274,0.09010169870634721,0.0762526024932686,-0.04063186800102858,0.349513945958021,0.36076284658248237,0.3726697817420339,0.38527438014065085,0.3986162704823111,-1.0328897841783653,-0.997950828109499,-0.9625640784670639,-0.9267276544474716,-0.8904396752471196,-0.8536982600624259,-0.8165015280897929,-0.7788475985256278,-0.7407345905663413,-0.7021606234083392,-0.6631238162480295,-0.6236222882818208,-0.5836541587061197,-0.543217546717335,-0.5023105715118727,-0.46093135228614324,-0.4190780082365517,-0.37674865855950845,-0.3339414224514188,-0.29065441910869083,-1.369685142757702,-1.368045346923979,-1.366414562379709,-1.3647927166485234,-1.363179738006891,-1.3615755554745912,-1.3599800988053052,-1.3583932984773632,-1.3568150856845835,-1.3552453923273384,-1.3536841510036446,-1.3521312950004525,-1.3505867582850872,-1.3490504754966972,-1.3475223819380058,-1.3460024135670037,-1.3444905069888813,-1.342986599448031,-1.341490628820197,-1.34000253360469,-0.4035076890156325
0.06261993896578599,0.16199412701265214,0.15095339625987014,-0.06747481428240021,-0.03990736602775047,0.015254200871745782,0.009258047865890129,-0.02316694091670446,-0.016426326968022265,0.041672511493787256,0.0758040822843653,0.08097106680684485,0.007291880371048665,0.02742510575698054,0.064277749512059,0.14574860346681917,0.11462830189199402,0.06079084549387348,-0.19247942160908282,0.1533435002501402,0.21048510545576105,0.27127931108436143,0.33583479875781697,0.40426025009800304,-2.455351124614534,-2.3797012478166373,-2.3030414767441747,-2.225367691312066,-2.146675771435252,-2.066961597028645,-1.986221048007174,-1.9044500042857802,-1.8216443457793836,-1.737799952402915,-1.6529127040713134,-1.5669784806994826,-1.4799931622023705,-1.3919526284949073,-1.3028527594920147,-1.2126894351086142,-1.121458535259653,-1.029155939860045,-0.9357775288247197,-0.8413191820686107,-0.6818291423676422,-0.6778276221756749,-0.6738477228893438,-0.6698892744107707,-0.6659521083810613,-0.662036058158522,-0.6581409587971725,-0.6542666470256212,-0.6504129612262439,-0.6465797414146147,-0.6427668292193025,-0.6389740678619189,-0.6352013021375336,-0.6314483783952324,-0.6277151445191198,-0.6240014499094859,-0.6203071454642657,-0.6166320835608261,-0.6129761180379363,-0.6093391041780358,0.2604526306981769
0.15615001548618945,0.15153442941607165,0.05701552427225942,-0.049071160467045516,0.01072056765367213,0.09275920775522306,-0.027641762789453628,-0.014809442416768293,0.016106508866058356,0.10053603672803968,0.09895216053081102,0.0675549184961517,-0.008316362428425261,0.0343359554639846,0.08573496186874441,0.12354565955669727,0.06995402084408897,-0.004155902263926925,-0.27343882487749394,-0.0204207873806036,0.06993235549063326,0.16699568219207062,0.2709679398608771,0.38204787563422293,-3.867053453566391,-3.7383696992667765,-3.6079292695394214,-3.475724580039428,-3.341748046421917,-3.205992084342007,-3.0684491094548028,-2.929111537415431,-2.787971783878996,-2.645022264500619,-2.5002553949354103,-2.353663590838498,-2.205239267864987,-2.054974841669987,-1.9028627279086279,-1.7488953422360214,-1.5930651003072693,-1.4353644177775016,-1.2757857103018204,-1.1143213935353555,-0.10873001725116271,-0.10358419395344509,-0.09846807531815815,-0.09338141806778788,-0.088323981484006,-0.08329552737489165,-0.07829582004270119,-0.07332462625209368,-0.06838171519879677,-0.06346685847880806,-0.058579830058006044,-0.0537204062422314,-0.04888836564781507,-0.044083489172515256,-0.03930555996695073,-0.0345543634063602,-0.029829687062854826,-0.025131320678057567,-0.020459056136099996,-0.015812687437109507,0.16210236383563292
0.17327968504477265,0.07286243626007693,-0.03275583266654425,0.0014947870526449414,0.07778039440884266,0.11737937400890996,0.004208512918020935,0.02078029715632579,0.037828039491976106,0.08499469311250851,0.0711467244677002,0.04510768172627966,0.06752195755160972,0.10269063081514762,0.12749320086415783,0.007290556758572375,-0.06403913584407472,-0.1373402230917775,-0.2779413374914168,0.05778666690602807,0.14140910227229497,0.23007996376900386,0.32393814347553485,0.4231225334712678,-3.198996047694564,-3.0955135120556543,-2.9905791897964833,-2.884186499542139,-2.776328859917701,-2.666999689548274,-2.556192407058953,-2.443900431074809,-2.330117180220955,-2.2148360731224637,-2.0980505284044364,-1.979753964691953,-1.8599398006101195,-1.7386014547840138,-1.6157323458387411,-1.491325892399371,-1.3653755130910095,-1.237874626538743,-1.1088166513676683,-0.978195006202864,-0.09681606655877306,-0.0918084058228461,-0.08682896464814638,-0.08187751139500021,-0.07695381686424918,-0.0720576542660375,-0.06718879918897491,-0.06234702956980165,-0.05753212566354615,-0.05274387001403047,-0.047982047424929286,-0.043246444931150485,-0.03853685177075017,-0.03385305935716931,-0.029194861251947035,-0.024562053137790585,-0.01995443279206721,-0.015371800060695384,-0.01081395683237163,-0.006280707013244902,-0.6297475950822116
0.04991630928550772,-0.030607521575924168,-0.0615328966761165,0.07731409823660784,0.12346264219069436,0.0862585726627958,0.010539083550565653,0.020331923045893152,0.022757400755832213,0.07148345719307603,0.03138773676198259,-0.00445497016939822,0.05191720669564459,0.0721559788594397,0.06945474218098124,-0.08317466820210284,-0.1293223745187977,-0.16901917277753853,-0.17711864805305366,0.2635370677457478,0.3653706952681175,0.47314111022944494,0.5870101299442203,0.7071395717269311,-3.6512770083089348,-3.5387978077959716,-3.424821308476907,-3.3093414340237217,-3.192352108108427,-3.073847254403014,-2.953820796579463,-2.832266658309776,-2.7091787632659443,-2.5845510351199747,-2.4583773975438428,-2.3306517742095485,-2.2013680887890823,-2.0705202649544363,-1.9381022263776095,-1.8041078967306028,-1.6685311996853986,-1.5313660589139881,-1.392606398088371,-1.2522461408805476,-0.050700586626567845,-0.046035212502498646,-0.041397706195409056,-0.03678783116791462,-0.032205353430920125,-0.027650041510387746,-0.023121666414696485,-0.018620001602483116,-0.014144822950944658,-0.009695908724620783,-0.005273039544700708,-0.0008759983586867914,0.0034954295893234733,0.007841456788099999,0.0121622934881509,0.016458147730221917,0.02072922537339905,0.02497573012272558,0.029197863556473802,0.033395825152950254,-0.8493142229300149
-0.03686068422835953,-0.06181422407077786,-0.055911216139007514,0.12011569501078045,0.08445569501097072,0.030546034979843206,0.041815835629291254,0.042421251748104405,0.008108033611666565,0.01877541469711197,-0.014841814927218921,-0.02568134167781866,0.08242243781351632,0.08162445319723499,0.0572639271714086,-0.15007134368915065,-0.1891822384827785,-0.20477297955890594,-0.09197632508933784,0.23567813271124805,0.32804360347292794,0.4252257188903805,0.5273391748104772,0.6344986670800874,-3.81871284065746,-3.6979364074801784,-3.575625820821015,-3.4517752823019094,-3.3263789935447723,-3.199431156171507,-3.0709259718040425,-2.940857642064281,-2.8092203685741515,-2.6760083529555656,-2.5412157968304356,-2.4048369018206657,-2.2668658695481994,-2.1272969016349332,-1.986124199702786,-1.84334196537367,-1.6989444002695047,-1.552925706012212,-1.4052800842236937,-1.2560017365258784,0.1261722427938734,0.13092464115769098,0.1356487690268131,0.14034486259021084,0.14501315551862026,0.14965387899707117,0.1542672617569243,0.15885353010745118,0.16341290796690977,0.16794561689320076,0.1724518761139613,0.17693190255637692,0.18138591087632605,0.18581411348731258,0.190216720588807,0.19459394019424714,0.1989459781585754,0.2032730382054524,0.2075753219539278,0.21185302894487723,-0.9196408363476251
-0.05709014156755854,-0.04774247771946438,-0.03558580199779038,0.07693356335796975,0.01536054928731101,-0.00942288376659417,0.03823161806296449,-0.001471103936379281,-0.08035890345800134,-0.029997092000839665,-0.04641568387363815,-0.026837375629292226,0.10416311625690722,0.0776320994803763,0.02615823977688314,-0.2101314286625835,-0.22038325892249233,-0.19768666410744962,0.017197561220940516,0.2840751365943224,0.3818526342110973,0.4848109832384282,0.5930753792325727,0.7067710177497923,-3.85359987707537,-3.7407233234548958,-3.6263798617847045,-3.510563904461331,-3.393269863881317,-3.274492152441194,-3.1542251825375125,-3.032463366566816,-2.909201116925635,-2.7844328460105032,-2.658152966217979,-2.5303558899446053,-2.401036029586905,-2.2701877975414284,-2.1378056062047097,-2.0038838679733058,-1.8684169952437335,-1.7313994004125512,-1.5928254958763006,-1.4526896940315057,0.13282888310927365,0.13978976398615006,0.14670967136943358,0.15358894489965147,0.1604279206150121,0.16722693099780672,0.17398630502010115,0.1807063681886809,0.187387442589402,0.19402984693081726,0.20063389658718633,0.20719990364079988,0.21372817692372892,0.22021902205889665,0.22667274150059602,0.2330896345743445,0.23946999751620424,0.24581412351152276,0.2521223027330197,0.2583948223784409,-0.9621289746470295
-0.04801027649381939,-0.037415911109172306,-0.0014077752053366366,0.009363576725746725,-0.009252336381574966,0.002592601818254936,0.037149973648566315,-0.0403790463507947,-0.15348543195297715,-0.033577918247395644,-0.018578009382306027,0.018866430962928504,0.08644153513572217,0.04019042453552202,-0.0255306920219045,-0.258304982888518,-0.23971325331815307,-0.17684834677599615,0.16296773097460693,0.3317892521928856,0.4169276141273701,0.5066058885805036,0.6009397905782399,0.7000450351465322,-3.074567527747933,-2.9744594081041287,-2.873056451935785,-2.7703535723100132,-2.6663456822939473,-2.5610276949546993,-2.4543945233594053,-2.3464410805751736,-2.2371622796691337,-2.1265530337083955,-2.014608255760103,-1.9013228588913573,-1.7866917561692872,-1.670709860661028,-1.5533720854336814,-1.4346733435543755,-1.3146085480902363,-1.1931726121083839,-1.0703604486759455,-0.9461669708600312,-0.06285309405550521,-0.057299584415190674,-0.05177715810772687,-0.046285565068922896,-0.04082455783264238,-0.03539389149780392,-0.029993323695995278,-0.02462261455944592,-0.019281526689570283,-0.013969825125896618,-0.008687277315551079,-0.003433653083087962,0.001791275399147807,0.006987733640271276,0.012155944859661094,0.017296130015371558,0.022408507832052615,0.027493294828565773,0.03255070534511928,0.03758095157005581,-0.9269931017644066
-0.046194624615827684,0.0006023705660394008,0.07562514724651703,-0.014626193774157081,0.013542771613645144,0.053460622619314835,-0.05712753518697655,-0.1781590456567761,-0.25371723636096555,-0.006318749994144057,0.031480818064605565,0.0738348340827939,0.004230435231958651,-0.0733340367964439,-0.15423321096468157,-0.2460388288262607,-0.16473917879723066,-0.0459983641564472,0.3700658381701132,0.23260759758997307,0.2948578867063789,0.3597563222238427,0.4273590227899935,0.4977221070524609,-2.9094041541096063,-2.80473207322308,-2.698790294824078,-2.591574162678911,-2.483079020553882,-2.3733002122152937,-2.262233081429466,-2.149872971962684,-2.036215227581276,-1.9212551920515373,-1.8049882091397773,-1.6874096226123085,-1.5685147762354243,-1.4482990137754368,-1.3267576789986646,-1.203886115671411,-1.0796796675599616,-0.9541336784306444,-0.827243492049764,-0.699004452183623,-0.05432530304971872,-0.050792808986008464,-0.04728294003923883,-0.043795499416575345,-0.04033029247842346,-0.036887126710073326,-0.0334658116937937,-0.030066159081378552,-0.02668798256710747,-0.0233310978610769,-0.019995322662990533,-0.016680476636310115,-0.013386381382842427,-0.010112860417640035,-0.006859739144362886,-0.0036268448309441093,-0.0004140065856595987,0.0027789446664745476,0.005952176206903914,0.009105853546428566,-0.8920424072085121
0.007478291759193345,0.0873043437102059,0.1307404797641667,0.018310182781793083,0.05228535352693986,0.07753840554298375,-0.22962951002858367,-0.29402978541683156,-0.2024806750376852,0.023521161265664503,0.05500641750985613,0.07264271966615121,-0.119380114606638,-0.20262196929533605,-0.2745447829843892,-0.1706690024405686,-0.02276014192753517,0.15358893419494213,0.5905668510475335,0.3511448250832161,0.39915747313712013,0.44913079637925124,0.5011083670831906,0.5551337575225146,-2.7334697241168175,-2.64860588978034,-2.5627131504820904,-2.4757877846306044,-2.3878260706344276,-2.2988242869021036,-2.20877871184216,-2.1176856238631414,-2.0255413013735843,-1.9323420227820232,-1.838084066497013,-1.742763710927072,-1.646377234480753,-1.5489209155665922,-1.450391032593117,-1.3507838639688807,-1.2500956881024108,-1.14832278340226,-1.045461428276956,-0.941507901135035,-0.3973021725404502,-0.3935544871443417,-0.3898289683659749,-0.3861254319208508,-0.38244369548286905,-0.37878357865909107,-0.37514490296488423,-0.37152749179941325,-0.3679311704215037,-0.3643557659259239,-0.3608011072199402,-0.3572670250002594,-0.35375335173038636,-0.3502599216181451,-0.34678657059372253,-0.34333313628794093,-0.3398994580108259,-0.3364853767305753,-0.333090735052769,-0.3297153771999308,-0.8885583112833956
0.055687125920195424,0.10236727366179998,0.07288526869345424,0.0521020166172419,0.07822915980377032,0.08570321830560057,-0.2602381635335015,-0.190332200395818,0.044787731796408714,0.10194174294336777,0.13671443579286424,0.13202138712024558,-0.18216802761290085,-0.2690416916191568,-0.33254287846618646,-0.06867551277352435,0.12957481299042573,0.33939153369289343,0.7048764500202893,0.5097801336476164,0.5457403407179888,0.5831697460913405,0.6221009756790155,0.6625666553923548,-1.9137368803178576,-1.8491480886508638,-1.7837448322335316,-1.7175238724439772,-1.6504819706603362,-1.5826158882607255,-1.513922386623255,-1.4443982271260762,-1.3740401711472898,-1.3028449800650221,-1.2308094152574078,-1.1579302381025556,-1.0842042099785925,-1.0096280922636527,-0.9341986463358456,-0.8579126335733014,-0.7807668153541433,-0.7027579530564911,-0.6238828080584697,-0.5441381417382012,-0.7544326255511616,-0.7509073261751744,-0.7474015103048208,-0.7439150199528204,-0.7404476987824207,-0.7369993920863763,-0.7335699467663059,-0.7301592113122459,-0.7267670357825724,-0.7233932717842289,-0.7200377724532105,-0.7167003924353501,-0.7133809878674425,-0.7100794163585256,-0.7067955369715839,-0.7035292102054025,-0.7002802979767325,-0.6970486636027624,-0.6938341717837231,-0.690636688585919,-0.9580886578960723
0.10175396428058714,0.059098480697302724,0.0015001231342308685,0.07691148188890229,0.08955331513221587,0.056576986192233836,-0.17156384511315992,0.07911978921776619,0.38855311835051154,0.11351721427287065,0.11463686145444019,0.07910181714291231,-0.27333524620827276,-0.3403361518660989,-0.3625374396486801,0.15338268608843686,0.3652207399892442,0.5483949084128896,0.632150973963685,0.4677877836718849,0.5048855415078026,0.5435428271751004,0.5837988464628321,0.6256928051600521,-2.218309330048649,-2.144267435498428,-2.0692163721499544,-1.9931517599285744,-1.9160692187596382,-1.837964368568508,-1.7588328292805189,-1.678670220821032,-1.5974721631153996,-1.5152342760889743,-1.4319521796671004,-1.347621493775138,-1.262237838338432,-1.1757968332823339,-1.0882940985322056,-0.9997252540133907,-0.9100859196512345,-0.8193717153710984,-0.7275782610983297,-0.6347011767582842,-0.7196995481630251,-0.7159173096949927,-0.712156182063701,-0.7084159947451428,-0.704696578992005,-0.7009977678110892,-0.697319395941137,-0.693661299830844,-0.6900233176173265,-0.6864052891048238,-0.682807055743786,-0.6792284606102041,-0.6756693483853204,-0.6721295653355208,-0.6686089592926903,-0.6651073796346898,-0.6616246772662262,-0.6581607045999721,-0.6547153155379193,-0.651288365453087,-0.9407031563988714
0.07963574063218037,0.020978039177794283,-0.010901278054292862,0.08921904505277478,0.05790207496320865,-0.04225995009323291,0.05271893146350193,0.3932359509361052,0.6000809292030171,0.11637118026367888,0.08172265802921808,0.017721831308420644,-0.3069773539146696,-0.3279200827740699,-0.2902276025932047,0.3532035334853987,0.5241073987760028,0.6373174645665041,0.5105963432942147,0.4947126003500151,0.5240433873119215,0.5541736327611451,0.5851195171447581,0.6168972209098327,-1.8256360212851694,-1.7737866465234602,-1.7212515363383267,-1.6680279036424954,-1.6141129613487082,-1.5595039223697182,-1.50419799961825,-1.4481924060070386,-1.3914843544488362,-1.3340710578563764,-1.2759497291424027,-1.2171175812196493,-1.1575718270008513,-1.0973096793987598,-1.036328351326101,-0.9746250556956263,-0.9121970054200643,-0.8490414134121583,-0.785155492584651,-0.7205364558502746,-0.73657927407104,-0.732489088542317,-0.7284213613080299,-0.7243759138607162,-0.7203525695315279,-0.7163511534671343,-0.7123714926068451,-0.7084134156601722,-0.7044767530846376,-0.7005613370639883,-0.6966670014866545,-0.6927935819246003,-0.6889409156124267,-0.6851088414267889,-0.6812971998661812,-0.6775058330308836,-0.6737345846033476,-0.6699832998287399,-0.666251825495872,-0.6625400099183303,-0.864670307135401
0.004252903899398586,-0.02456529169529298,-0.0012309145055008353,0.055550020666219835,-0.064373100107462,-0.22008598799232926,0.4034380342260311,0.5893467037720468,0.4595251758875909,0.09143317260855066,0.02247181652532837,-0.0697984250525242,-0.3352221855781816,-0.28422468043221183,-0.17040464454581028,0.5456806225891595,0.6414161965317231,0.6463571077824564,0.261380222355416,0.48478556282359464,0.5137686894810025,0.543506317806467,0.5740122882007708,0.6053004410646992,-2.114016251606211,-2.0504891161895333,-1.9861979759027333,-1.921140043233687,-1.8553125306702931,-1.7887126507004276,-1.7213376158119738,-1.653184638492823,-1.5842509312308506,-1.514533706513948,-1.4440301768300072,-1.372737554666895,-1.300653052512511,-1.2277738828547389,-1.154097258181454,-1.0796203909805469,-1.0043404937399105,-0.9282547789474108,-0.8513604590909526,-0.773654746658407,-0.6573648226960802,-0.6536730965577733,-0.6500021323548802,-0.6463517628653227,-0.6427218226057647,-0.6391121478095989,-0.6355225764051681,-0.6319529479944066,-0.6284031038317001,-0.6248728868031401,-0.6213621414060193,-0.6178707137287117,-0.6143984514307607,-0.6109452037233147,-0.6075108213498467,-0.6040951565671309,-0.6006980631265041,-0.5973193962554537,-0.5939590126393586,-0.5906167704036238,-0.7773415799414829
0.016013033169421043,0.0178961672164224,0.04227997653961868,-0.05293630808466465,-0.21920075433650432,-0.3177669419811471,0.555669272118734,0.46879471938904893,0.13283128699949542,0.0070403357206532124,-0.07771987493254151,-0.17538515959291234,-0.2999425600270391,-0.1772029812723166,0.0023849718593662583,0.6860476817618486,0.6712196181838723,0.5604825027867071,-0.060438080367152036,0.5307523488899131,0.5498041184315707,0.5694798007097499,0.5897966025433983,0.6107717307514646,-2.1731782607650327,-2.1064745554080835,-2.0388594515125154,-1.9703290857201519,-1.900879594672816,-1.8305071150123309,-1.7592077833805202,-1.6869777364191898,-1.6138131107701894,-1.5397100430753161,-1.4646646699764094,-1.3886731281152769,-1.31173155413375,-1.2338360846736431,-1.1549828563767885,-1.0751680058850008,-0.9943876698401031,-0.9126379848839213,-0.8299150876582729,-0.7462151148049794,-0.8765516053608903,-0.873122400828565,-0.8697119748925323,-0.8663201785949228,-0.8629468645099299,-0.8595918867244677,-0.856255100819259,-0.852936363850036,-0.8496355343291757,-0.8463524722074762,-0.8430870388563017,-0.8398390970499059,-0.8366085109481176,-0.833395146079135,-0.8301988693227456,-0.8270195488936016,-0.8238570543249184,-0.8207112564522647,-0.8175820273976834,-0.8144692405540044,-0.8003722770212909
0.026679967705748764,0.05437259181197307,0.08513138031645351,-0.2383222657877644,-0.31885791046765266,-0.22290191323104125,0.4532825204418598,0.10661220020761486,-0.26996936453888587,-0.0825383519418248,-0.1712598086163858,-0.25429365692033135,-0.17457946481641118,-0.006091210659836088,0.1978574547821541,0.6665688126158229,0.5688494239016764,0.4068483945411925,-0.18525590846587192,0.4996378420356842,0.5188144475110568,0.5384071971654856,0.5584157229596436,0.5788396568542076,-1.9593000430910685,-1.8985617354615627,-1.83703770159243,-1.7747249133379384,-1.7116203425523469,-1.6477209610899322,-1.5830237408049443,-1.5175256535516592,-1.4512236711843285,-1.3841147655572197,-1.3161959085245998,-1.2474640719407204,-1.1779162276598567,-1.1075493475362688,-1.0363604034242238,-0.9643463671779728,-0.8915042106517933,-0.8178309056999387,-0.7433234241766751,-0.6679787379362666,-0.8543983251415237,-0.8504641960755983,-0.8465514504775355,-0.8426599200447992,-0.838789438196031,-0.8349398400494323,-0.8311109624015951,-0.8273026437065379,-0.8235147240550357,-0.8197470451543749,-0.8159994503082493,-0.8122717843970713,-0.8085638938585473,-0.8048756266684404,-0.8012068323217835,-0.7975573618141959,-0.7939270676235708,-0.79031580369202,-0.7867234254080065,-0.7831497895888592,-0.8853485536200991
0.05231490911858394,0.08171617565015188,0.10497457582404679,-0.2793920498167336,-0.20053238104404203,0.04311541658462659,0.07680227174802634,-0.2948378628495639,-0.5211435000433474,-0.17796753151800282,-0.27974331047540246,-0.3549174401214238,-0.04620722169822644,0.1683934141082266,0.38766543978627555,0.6047870602496153,0.45211357133820207,0.2616684017264401,-0.28644357746332727,0.5629433400602899,0.5762323064294206,0.5895288525070774,0.6028302099689282,0.6161336104906388,-1.5136382820007124,-1.4662395410626827,-1.4182135205496917,-1.369557635789835,-1.3202693021112246,-1.2703459348419723,-1.2197849493101656,-1.1685837608439156,-1.116739784771335,-1.0642504364205103,-1.011113131119562,-0.9573252841965855,-0.9028843109796909,-0.8477876267969777,-0.7920326469765505,-0.7356167868465144,-0.6785374617349724,-0.620792086970029,-0.5623780778797908,-0.5032928497923576,-1.1387157348786874,-1.135581315900434,-1.13246396124793,-1.129363536347778,-1.1262799080048211,-1.1232129443848178,-1.1201625149974497,-1.1171284906795156,-1.1141107435784203,-1.111109147135844,-1.1081235760717445,-1.1051539063684628,-1.1022000152552385,-1.0992617811927485,-1.0963390838580507,-1.0934318041296287,-1.0905398240726853,-1.087663026924692,-1.0848012970810819,-1.0819545200811689,-0.9217600994201861
0.11886248899173246,0.11496307331064282,0.04999216453154198,-0.24124311271726706,0.013068787738296672,0.3391886599904059,-0.22836586706028061,-0.4311021645282127,-0.44010193653457463,-0.2962005883230222,-0.3624963267823115,-0.3741076502597944,0.18782819216035707,0.39585241006488725,0.5645663890119177,0.35623725120911187,0.1527810595348238,-0.05021911031999271,-0.42846212575859766,0.5475775712112176,0.5495779424000908,0.5511820203326958,0.552380450631468,0.55316387891884,-1.5657061912775219,-1.5129754167715064,-1.4595335212021139,-1.405377329059541,-1.3505036648339748,-1.294909353015612,-1.2385912180946488,-1.1815460845612646,-1.1237707769056555,-1.065262119618009,-1.0060169371885304,-0.9460320541073981,-0.8853042948648077,-0.8238304839509496,-0.7616074458560143,-0.6986320050701962,-0.6349009860836844,-0.5704112133866712,-0.5051595114693455,-0.43914270482190276,-1.1610873695026638,-1.1578956295097194,-1.1547208345907602,-1.1515628534641524,-1.1484215561751365,-1.1452968140793542,-1.1421884998266085,-1.1390964873448886,-1.1360206518245946,-1.1329608697029872,-1.129917018648913,-1.126888977547687,-1.1238766264862716,-1.1208798467385659,-1.1178985207510237,-1.1149325321283983,-1.1119817656197009,-1.1090461071044098,-1.1061254435787955,-1.103219663142534,-0.9185846340396172
0.11280872397857644,0.06809364708145904,-0.04862951037703722,-0.020837860246000206,0.3085991784775186,0.5236662263587273,-0.3542421781121696,-0.36614775876189654,-0.25692896265191767,-0.3484490645393793,-0.3770223217901887,-0.336488963667231,0.37690217693974826,0.5463176999860866,0.6267922259189664,0.007522358137487917,-0.20625550041235508,-0.3753706745567862,-0.4716367608660622,0.5502192773580652,0.5519183906419061,0.5530800784064365,0.5536905426131828,0.553735985223671,-1.4325868673112656,-1.3894957569221136,-1.3458382001496523,-1.3016118718182932,-1.2568144467524724,-1.2114435997766273,-1.1654970057151939,-1.118972339392601,-1.0718672756332852,-1.0241794892616745,-0.9759066551022054,-0.9270464479793065,-0.877596542717422,-0.8275546141409758,-0.776918337074402,-0.7256853863421351,-0.6738534367686086,-0.6214201631782548,-0.5683832403955072,-0.5147403432447988,-1.1755860083472782,-1.1722510025684043,-1.1689331587464165,-1.16563234696259,-1.1623484385880758,-1.1590813062680834,-1.1558308239063513,-1.1525968666497877,-1.1493793108733708,-1.1461780341652283,-1.1429929153119949,-1.1398238342842832,-1.1366706722224886,-1.1335333114226662,-1.130411635322709,-1.127305528488695,-1.1242148766013549,-1.1211395664428727,-1.1180794858837488,-1.1150345238699029,-0.9434671143867102
0.03412312732162959,-0.10571477221156056,-0.28153037166328276,0.3353244665307382,0.5505877095498479,0.475579061948709,-0.37132415491091053,-0.2516337402807477,-0.12755189778642317,-0.3509011744627525,-0.29927154746851325,-0.18018492034013178,0.5487015676243452,0.6155386937016811,0.5674210355209488,-0.21729115542692468,-0.38770071196709655,-0.49709302477837836,-0.46356701267020883,0.5194472841159441,0.5182265857279384,0.5161240146364683,0.5131104239468389,0.5091566667643581,-1.38595155759664,-1.3420619464274912,-1.2975988512865553,-1.2525599648007046,-1.2069429795968027,-1.1607455883017481,-1.113965483542396,-1.066600357945627,-1.018647904138322,-0.9701058147473539,-0.920971782399604,-0.8712434997219388,-0.8209186593412359,-0.7699949538843746,-0.7184700759782277,-0.6663417182496723,-0.6136075733255824,-0.5602653338328343,-0.5063126923983041,-0.451747341648867,-1.182448224446207,-1.1793938436407891,-1.176356053283002,-1.1733347216060745,-1.1703297181997043,-1.167340913992969,-1.1643681812375015,-1.1614113934909067,-1.158470425600419,-1.1555451536868315,-1.152635455128624,-1.149741208546305,-1.1468622937870994,-1.14399859190968,-1.1411499851693063,-1.1383163570030324,-1.1354975920152264,-1.1326935759632413,-1.1299041957433111,-1.1271293393767015,-0.9486452490785663
-0.10811510833163873,-0.27503410273019213,-0.3676251446961134,0.5562136727546496,0.48788924075071494,0.1950616054286507,-0.2244734027251204,-0.10342039032601502,-0.04630376256546487,-0.3009515719726452,-0.18186854868540103,-0.009551282731626198,0.5998756225065855,0.5478178915594469,0.3997483327712861,-0.4049203640734653,-0.5069148710572091,-0.5348593535409831,-0.3608192295748346,0.3796386713804474,0.38389431351890746,0.38779854208947007,0.3913385140802572,0.3945013864793898,-1.954531269639099,-1.8926182335135842,-1.82991078404313,-1.7664057556093873,-1.7020999825939567,-1.6369902993784724,-1.5710735403445433,-1.5043465398738123,-1.4368061323478958,-1.3684491521484037,-1.2992724336569696,-1.2292728112552282,-1.1584471193247798,-1.086792192247258,-1.0143048644042896,-0.940981970177491,-0.8668203439484841,-0.7918168200988981,-0.7159682330103527,-0.6392714170644713,-0.9589493325825714,-0.9556598818675573,-0.9523889893397006,-0.94913650521369,-0.9459022812639925,-0.9426861708049985,-0.9394880286715418,-0.9363077111996828,-0.9331450762076909,-0.9299999829774935,-0.926872292236211,-0.9237618661380668,-0.9206685682465926,-0.9175922635169731,-0.9145328182787719,-0.9114901002188706,-0.908463978364593,-0.9054543230672072,-0.9024610059855458,-0.8994839000699131,-0.9279258518545953
-0.2614172749565057,-0.36155145932380794,-0.28144638519873144,0.45485814640310474,0.15670295392582023,-0.16551996294475047,-0.05425851022373607,-0.006112964519380704,-0.010052294239186965,-0.2122570509789915,-0.026036061150873424,0.19167641110488276,0.5791890177961083,0.42147479508860286,0.20043477330496828,-0.559890077096201,-0.5938009627732765,-0.5609128238967677,-0.3511335809017815,0.6130252442698292,0.6170124349899913,0.6203829104760279,0.623116258050298,0.625192065035163,-1.7680735245417831,-1.7125955052803925,-1.6563790785202588,-1.5994210204312287,-1.5417181071831072,-1.483267114945734,-1.4240648198889307,-1.3641079981825275,-1.3033934259963382,-1.241917879500202,-1.1796781348639402,-1.1166709682573754,-1.0528931558503376,-0.9883414738126575,-0.9230126983141488,-0.8569036055246518,-0.7900109716139802,-0.7223315727519668,-0.6538621851084355,-0.5845995848532142,-1.0616960333593792,-1.0585118007222951,-1.0553442082311415,-1.0521931271066172,-1.049058429869916,-1.0459399903266229,-1.0428376835507864,-1.0397513858692942,-1.036680974846376,-1.0336263292684458,-1.0305873291290586,-1.0275638556141469,-1.0245557910875005,-1.0215630190763592,-1.0185854242572925,-1.0156228924422823,-1.0126753105649284,-1.0097425666669502,-1.0068245498848223,-1.0039211504366206,-0.8883731329566669
-0.325762122523763,-0.2668549002907289,-0.026622131464854926,0.16886670530456116,-0.1323912348104308,-0.30061068090689025,-0.0699112689714082,-0.06264349668429536,-0.025310997557906445,-0.06912112283701999,0.1400534282800916,0.34996141508107703,0.41566140287980957,0.21153896511413017,-0.01443417738273145,-0.5209367862113105,-0.48599770705620404,-0.4177299947189572,-0.22393584510427333,0.6793621134360899,0.6850537090183575,0.6899747170427109,0.6940987256125226,0.6973993228311652,-1.6632089054913992,-1.6073588167279356,-1.5506672780381603,-1.4931300674842511,-1.4347429631284,-1.3755017430327836,-1.3154021852595952,-1.2544400678710192,-1.1926111689292322,-1.1299112664964361,-1.0663361386347983,-1.0018815634065037,-0.9365433188737537,-0.8703171830987201,-0.8031989341435906,-0.7351843500705499,-0.6662692089417848,-0.5964492888194762,-0.5257203677658125,-0.4540782238429776,-1.108476465069561,-1.104931606189243,-1.1014047669456173,-1.0978958065314013,-1.0944045855716142,-1.0909309661057216,-1.0874748115700497,-1.08403598678038,-1.080614357914911,-1.0772097924973614,-1.073822159380403,-1.070451328729274,-1.0670971720056923,-1.0637595619519247,-1.0604383725751882,-1.0571334791321811,-1.05384475811386,-1.0505720872305029,-1.0473153453968729,-1.0440744127177388,-0.8716179236159978
-0.2514383699257843,0.010071954828261509,0.3331354034017804,-0.1348661627622898,-0.31382604186009566,-0.30956066878854616,-0.014281343596915796,0.0289170753262169,0.11950519094765055,0.20888168149663655,0.40467864955799726,0.5516935928745343,0.18300059370296973,-0.04656923215462094,-0.25826052153234613,-0.5442127810322985,-0.48719369068511487,-0.42194465464556163,-0.26727476024600527,0.5879585856268204,0.5930675590592329,0.5976933212472846,0.6018182307678543,0.6054246461978219,-1.7399171920655578,-1.6768020584177532,-1.6128177091655358,-1.547960201241807,-1.4822255915794669,-1.4156099371113897,-1.3481092947704942,-1.2797197214896623,-1.2104372742017866,-1.1402580098397679,-1.069177985336489,-0.9971932576248587,-0.9242998836377692,-0.8504939203081051,-0.7757714245687681,-0.700128453352651,-0.6235610635926456,-0.5460653122216517,-0.46763725617255936,-0.3882729523782631,-1.0783668066469758,-1.0749160938483435,-1.0714839021889975,-1.0680700868718418,-1.0646745045731898,-1.0612970134244222,-1.0579374729938433,-1.0545957442688418,-1.051271689638289,-1.0479651728752035,-1.0446760591196713,-1.0414042148619869,-1.0381495079261462,-1.0349118074533759,-1.0316909838861503,-1.0284869089522282,-1.0252994556490251,-1.022128498228234,-1.0189739121805466,-1.0158355742207328,-0.6189455260230425
-0.016673029722487853,0.3152106800880252,0.5269932460231441,-0.2972791226833641,-0.29714244535271717,-0.1968108185547527,0.021915215338292438,0.10943740578943206,0.18562608948337167,0.38267746767267785,0.5482576093104015,0.6208127440447571,-0.055676961540166214,-0.279099269911554,-0.45475140913705503,-0.4841358318352579,-0.41099256793644623,-0.35120558417891445,-0.2697906683450487,0.6430764605672237,0.6517739424105764,0.6597971219279428,0.6671179234228448,0.6737082711988049,-1.8281172107214139,-1.7628433775613317,-1.696727100749807,-1.629764860033978,-1.5619531351610014,-1.4932884058780225,-1.4237671519321895,-1.3533858530706397,-1.2821409890405462,-1.2100290395890296,-1.137046484463254,-1.0631898034103582,-0.9884554761774966,-0.9128399825118095,-0.8363398021604506,-0.7589514148705663,-0.6806713003893012,-0.6014959384638053,-0.5214218088412261,-0.44044539126871096,-0.918851501232766,-0.915627235590073,-0.9124207363588935,-0.9092318595488811,-0.9060604626734645,-0.902906404730702,-0.8997695461844387,-0.8966497489457402,-0.8935468763545427,-0.8904607931617059,-0.8873913655111848,-0.884338460922562,-0.8813019482738313,-0.8782816977843697,-0.8752775809982486,-0.8722894707677328,-0.8693172412370144,-0.8663607678262376,-0.8634199272156967,-0.8604945973303151,-0.4694517487006663
0.33556467288448677,0.5443958275317722,0.4680534597680541,-0.3479191832068377,-0.2543141032114511,-0.1405060758435167,0.1322863278409816,0.21168140570977734,0.21937445970042302,0.5595516642056368,0.6296576319710794,0.5824149131148035,-0.2266958972617793,-0.41228873999706195,-0.5435162931075946,-0.579451037857774,-0.5555966558475129,-0.5351498611318415,-0.4684916612774075,0.6902567171313998,0.7025975942497715,0.7145832570895669,0.7261970162173541,0.7374221821997038,-1.8126798689886794,-1.7568272156840115,-1.7002870461336137,-1.643056800144087,-1.5851339175220138,-1.526515838073978,-1.4672000016065798,-1.4071838479264018,-1.3464648168400364,-1.2850403481540744,-1.2229078816751002,-1.1600648572097136,-1.0965087145645058,-1.032236893546052,-0.9672468339609525,-0.9015359756157928,-0.8351017583171692,-0.7679416218716645,-0.7000530060858724,-0.6314333507663846,-0.9255102606160132,-0.9218048759060549,-0.9181188242304759,-0.9144519559453219,-0.9108041229180787,-0.9071751785088709,-0.9035649775519944,-0.8999733763377141,-0.896400232594305,-0.8928454054703884,-0.889308755517484,-0.8857901446728159,-0.8822894362424752,-0.8788064948846236,-0.8753411865931471,-0.8718933786814207,-0.8684629397663146,-0.8650497397524869,-0.8616536498168501,-0.858274542393293,-0.46308710102643746
0.5237492065853504,0.4623043086602263,0.18156186027967425,-0.1968676801938073,-0.08762307157197291,-0.030338334376341147,0.21881210879395363,0.2111637197055516,0.1395771143140201,0.6251170697328412,0.5655579942898328,0.40586249263871177,-0.4736094296575193,-0.5960365292418827,-0.6450962733294843,-0.4968172571727909,-0.46358918030804064,-0.4410872662558082,-0.40120262826980113,0.7369846620080525,0.7610898989259252,0.7852469446063994,0.8094478469343664,0.8336846537947196,-2.3764962897710173,-2.2984650377213276,-2.2195000773492084,-2.139598020757398,-2.0587554800486165,-1.9769690673255949,-1.8942353946910615,-1.810551074247738,-1.7259127180983609,-1.640316938345662,-1.5537603470923513,-1.4662395564411856,-1.377751178494868,-1.2882918253561368,-1.1978581091277212,-1.1064466419123424,-1.0140540358127466,-0.920676902931639,-0.826311855371763,-0.7309555052358423,-0.4569442549234749,-0.4524497093665665,-0.4479805058964196,-0.44353643939588616,-0.4391173068880223,-0.4347229075088124,-0.4303530424804042,-0.4260075150846613,-0.4216861306371281,-0.4173886964614454,-0.4131150218640144,-0.40886491810916537,-0.404638198394657,-0.4004346778274508,-0.396254173399997,-0.39209650396673457,-0.38796149022096826,-0.38384895467217317,-0.37975872162347235,-0.37569061714958174,0.22732628558338708
0.45397831323210225,0.1500739816703558,-0.17054926577983442,-0.03773910144179571,0.006272621821939994,0.0017917199410282247,0.17681177550389382,0.12192940451606193,0.06636960041392426,0.5856088314115431,0.42293868235436505,0.19680429625089757,-0.5444809491462503,-0.5662979127954242,-0.5239825371579987,-0.29992341879022266,-0.30475759121029844,-0.32691451907154734,-0.3596572100547568,0.8114468257191929,0.8310917681626933,0.8505013243295918,0.8696624542939364,0.8885621181297738,-2.3573210172878625,-2.282998037394175,-2.207773695607349,-2.1316447249090023,-2.054607858280743,-1.976659828704206,-1.8977973691610148,-1.8180172126327707,-1.737316092101115,-1.6556907405476575,-1.5731378909540221,-1.4896542763018352,-1.4052366295727048,-1.319881683748265,-1.2335861718101235,-1.1463468267399155,-1.0581603815192568,-0.9690235691297558,-0.8789331225530506,-0.7878857747707564,-0.5595863559670701,-0.5552276351124246,-0.5508940849291073,-0.5465854991998274,-0.542301673877118,-0.538042407055604,-0.5338074989446111,-0.529596751841248,-0.5254099701038264,-0.5212469601257481,-0.5171075303097522,-0.5129914910424669,-0.5088986546695469,-0.5048288354709112,-0.5007818496365686,-0.49675751524268064,-0.4927556522280053,-0.48877608237069825,-0.48481862926543373,-0.4808831183008968,-0.7044224699496726
0.16285054611570193,-0.15201909321061946,-0.31473310350349004,-0.01633676427534514,0.0044513782105068955,0.05296184664592429,0.14586165976902343,0.0710032475744935,0.021242129466849002,0.4178586549083767,0.21110662771033661,-0.01889056114950738,-0.5588923771881975,-0.5343575251905518,-0.47713463969807346,-0.3389141389118103,-0.34710493500398976,-0.35480091299640826,-0.23594838608116508,0.7452791459517141,0.7610813392993381,0.7767245922979489,0.792198668480401,0.8074933313795494,-2.1817624794421695,-2.1130502041874157,-2.0434706219413865,-1.973020406943344,-1.901696233432548,-1.8294947756482416,-1.7564127078296865,-1.6824467042161335,-1.6075934390468274,-1.5318495865610364,-1.4552118209980045,-1.3776768165969921,-1.2992412475972426,-1.2199017882380168,-1.1396551127585748,-1.0584978953981523,-0.9764268103960095,-0.8934385319914122,-0.8095297344235969,-0.7246970919318287,-0.6560489838536891,-0.6514666136959908,-0.6469098467194833,-0.6423784776065724,-0.6378723031679696,-0.6333911223157174,-0.6289347360366813,-0.6245029473664114,-0.6200955613633177,-0.6157123850833659,-0.611353227555047,-0.6070178997547229,-0.6027062145823996,-0.5984179868377615,-0.5941530331966705,-0.5899111721878936,-0.5856922241702334,-0.5814960113099907,-0.5773223575587385,-0.573171088631441,-0.9080980539815398
-0.15922994147984681,-0.333295263754703,-0.29857975325779873,0.040009280380649104,0.05088073743558441,0.11679990230098336,0.03519651888720299,-0.0046108250816915275,-0.031805547981616944,0.18307232127703332,-0.056810616163922134,-0.27628859794839733,-0.46450752579091936,-0.3605601101796041,-0.2594783475262479,-0.16017742930575962,-0.1804770229089231,-0.18607690030309232,-0.014778813558128934,0.8076023050197423,0.8179245893683407,0.8274939781995561,0.8362855617910152,0.844274430420342,-2.0007733072457112,-1.9380880094498916,-1.8746355034138849,-1.8104129592970295,-1.7454175472586637,-1.6796464374581257,-1.6130968000547434,-1.545765805207839,-1.4776506230767674,-1.4087484238208487,-1.339056377599413,-1.2685716545718064,-1.1972914248973583,-1.1252128587353978,-1.0523331262452633,-0.9786493975862842,-0.9041588429177976,-0.8288586323991349,-0.7527459361896328,-0.6758179244486222,-0.7728171127287355,-0.7696472922424618,-0.766495504424765,-0.7633616029480675,-0.7602454430142923,-0.7571468813353559,-0.7540657761140058,-0.7510019870249374,-0.7479553751961088,-0.7449258031904571,-0.7419131349877707,-0.7389172359669289,-0.735937972888355,-0.7329752138766901,-0.730028828403831,-0.7270986872721112,-0.7241846625977519,-0.7212866277946327,-0.7184044575581722,-0.7155380278495564,-0.9220412961385518
-0.3118500519531624,-0.2952830108007479,-0.1741194736613595,0.03996122565498128,0.12593797239736992,0.19341694866583148,-0.019118597385823666,-0.05190343186461521,-0.0953810917210759,-0.05093944204867129,-0.2625853442432009,-0.4306635509059952,-0.43644380532692184,-0.35888412845285067,-0.2963766998359523,-0.2309785168142119,-0.2084631127218397,-0.15673071311881792,0.19810513445140754,0.7256346119161801,0.7243120519241779,0.7216337407309916,0.7175551722936062,0.7120318405690069,-1.9921450428047884,-1.9226016469462723,-1.8522147432062739,-1.7809811030986968,-1.708897498137444,-1.6359606998364025,-1.5621674797094651,-1.487514609270528,-1.4119988600334854,-1.3356170035122317,-1.2583658112206613,-1.1802420546726697,-1.1012425053821508,-1.0213639348629908,-0.9406031146291015,-0.8589568161943613,-0.7764218110726733,-0.6929948707779237,-0.6086727668240155,-0.5234522707248367,-0.9279452794338396,-0.9247508569394058,-0.9215749671290482,-0.9184174576834,-0.9152781778893048,-0.912156978619259,-0.9090537123110995,-0.90596823294806,-0.9029003960390498,-0.8998500585993062,-0.8968170791312868,-0.89380131760583,-0.8908026354436911,-0.8878208954972074,-0.88485596203238,-0.8819077007111011,-0.8789759785737394,-0.8760606640218842,-0.8731616268014647,-0.8702787379859682,-0.9180428159725222
-0.3156516942059461,-0.19351362821707763,-0.06349813571880625,0.16098218904093198,0.22546973044199992,0.19907127094900723,-0.07149003017811495,-0.1357193834836773,-0.2032084428012968,-0.25835550017754627,-0.43620703014721285,-0.5481563880099235,-0.4107309116746415,-0.34633258753871854,-0.3013524372291392,-0.14908107419583239,-0.06110609376774512,0.05846678673714356,0.5089890676220308,0.5826193080170043,0.5640583722372239,0.5438986532374128,0.5221017028802502,0.49862907302841464,-1.9494412878229963,-1.8875605055995748,-1.8248400084140153,-1.7612761682831315,-1.6968653572237624,-1.631603947252739,-1.5654883103869,-1.4985148186430752,-1.430679844038088,-1.361979758588776,-1.2924109343119705,-1.2219697432245102,-1.1506525573432174,-1.07845574868494,-1.0053756892664902,-0.9314087511047083,-0.8565513062164251,-0.7807997266184769,-0.7041503843276938,-0.626599651360906,-1.1493750894193182,-1.1456220816236113,-1.1418898633905503,-1.1381782678657655,-1.1344871299255077,-1.1308162861547186,-1.1271655748254308,-1.1235348358755246,-1.119923910887738,-1.1163326430690472,-1.1127608772303295,-1.1092084597662752,-1.1056752386357558,-1.1021610633422219,-1.0986657849146717,-1.095189255888675,-1.0917313302877876,-1.0882918636052252,-1.0848707127857622,-1.081467736207936,-0.9241056915587489
-0.09073207996185362,0.047269849284524934,0.08147812145383138,0.1588781218901576,0.14383054520364036,0.07622163304397733,-0.14544500098569357,-0.2030910768362738,-0.24895811527938916,-0.49339051105796716,-0.5730184206453132,-0.561693424210759,-0.15445275648231405,-0.10832015658176009,-0.09770966655072222,-0.029983182235686634,0.06160199580593906,0.18307653445486616,0.5751000021989447,0.7399217717800133,0.7189481712999206,0.695826841219161,0.6705035729032811,0.6429241577178313,-1.2203615521510847,-1.18505253262337,-1.1493045650327474,-1.113115902964017,-1.0764848000020055,-1.0394095097315155,-1.001888285737364,-0.9639193816043533,-0.9255010509173095,-0.8866315472610413,-0.8473091242203533,-0.8075320353800646,-0.7672985343249825,-0.7266068746399237,-0.6854553099096963,-0.6438420937191136,-0.6017654796529889,-0.5592237212961317,-0.5162150722333583,-0.4727377860494766,-1.4602702323400505,-1.4571329167824416,-1.4540118943089346,-1.4509070411367997,-1.4478182347156747,-1.4447453537124775,-1.4416882779965015,-1.4386468886247383,-1.4356210678273844,-1.432610698993591,-1.4296156666574105,-1.4266358564839057,-1.4236711552555685,-1.4207214508587627,-1.417786632270534,-1.414866589545495,-1.4119612138029145,-1.4090703972140715,-1.406194032989624,-1.4033320153673625,-0.9261632285224006
-0.041999830126795645,0.027082736417595177,0.04096750139962024,0.1943568311507997,0.10711658496748533,0.00325079709514986,-0.21950822764523914,-0.25741094999319447,-0.24938098397878872,-0.5466395226068574,-0.5722247401280521,-0.5245417026484499,-0.18568095246862648,-0.14151590873704878,-0.1081191234269292,0.17241222147318758,0.3089730643939135,0.4553740493265086,0.7994849578595771,0.5621808106204151,0.5367904353839235,0.5093615201412591,0.4798464814350989,0.4481977358081235,-1.3911343069796873,-1.3492731456621654,-1.3068550622814665,-1.263877613445945,-1.220338355763955,-1.1762348458438168,-1.1315646402938928,-1.0863252957225202,-1.040514368738045,-0.994129415948804,-0.947167993963143,-0.8996276593894086,-0.8515059688359445,-0.8028004789110915,-0.7535087462231943,-0.7036283273805979,-0.6531567789916435,-0.6020916576646758,-0.5504305200080357,-0.498170922630072,-1.4515368515715625,-1.4483416324253087,-1.4451626384947218,-1.4419997469639423,-1.438852836236321,-1.4357217859195557,-1.4326064768109728,-1.4295067908830281,-1.426422611269007,-1.4233538222489561,-1.4203003092358109,-1.4172619587616895,-1.4142386584644622,-1.4112302970743986,-1.4082367644011184,-1.4052579513206565,-1.4022937497627228,-1.3993440526981644,-1.3964087541265908,-1.3934877490641817,-0.8272162759403974
0.017500443194381043,0.028196949862193454,0.06807230650220508,0.12174399225225341,0.048924810873165914,0.0030427040884277723,-0.25672341692315215,-0.30654214216031006,-0.22683256968551735,-0.46582655447743593,-0.4057422953420968,-0.31772100466798914,-0.1491378813098262,-0.15891005192618213,-0.15885592485082334,0.19209503973770792,0.3561257687642587,0.5173075287332145,0.7623047339339484,0.6478772244191005,0.6097980324261458,0.5690085790306991,0.5254497920553716,0.4790625993227704,-1.6642958839392255,-1.6097701136585707,-1.554547871777701,-1.4986261024925096,-1.4420017499988913,-1.3846717584927473,-1.326633072169971,-1.2678826352264663,-1.2084173918581167,-1.148234286260825,-1.0873302626304853,-1.025702265162999,-0.9633472380542607,-0.9002621255001558,-0.8364438716965927,-0.771889420839461,-0.7065957171246617,-0.6405597047480855,-0.5737783279056318,-0.5062485307931952,-1.5398110538987106,-1.5372326984626132,-1.5346690340668343,-1.5321199413472972,-1.5295853021886732,-1.527064999708501,-1.524558918241483,-1.522066943324075,-1.5195889616792324,-1.5171248612014425,-1.514674530941964,-1.5122378610942544,-1.5098147429797004,-1.5074050690334022,-1.5050087327903627,-1.5026256288717286,-1.5002556529712814,-1.4978987018421455,-1.495554673283675,-1.493223466128514,-0.8808425476697023
0.035058787871517394,0.05001626582373886,0.12229390881019686,0.05703024292362047,0.013934523502864948,-0.011538820383740878,-0.2557355800538099,-0.19606794260505822,0.09187535409859704,-0.4258374035179108,-0.3250400985466516,-0.232365500769542,-0.19230756366769663,-0.2204430887031099,-0.22126310003694916,0.2848849996784697,0.49104961414917714,0.6761349096096341,0.8244672183452175,0.5445724224661106,0.5018848492217634,0.4563118081109616,0.4077920552384018,0.3562643467087827,-1.1588341812629401,-1.128304260104489,-1.097431560604583,-1.0662150221490403,-1.0346535841236861,-1.0027461859143303,-0.9704917669068068,-0.9378892664869165,-0.9049376240404935,-0.8716357789533498,-0.8379826706113052,-0.8039772384001789,-0.7696184217057895,-0.7349051599139576,-0.6998363924105027,-0.6644110585812402,-0.6286280978119922,-0.5924864494885781,-0.5559850529968159,-0.5191228477225233,-1.5533765679391183,-1.5504787140943663,-1.5475960475205626,-1.5447284515686772,-1.541875810760938,-1.539038010776299,-1.5362149384362613,-1.53340648169082,-1.5306125296045308,-1.5278329723429982,-1.5250677011593106,-1.5223166083808488,-1.5195795873962519,-1.51685653264247,-1.5141473395921352,-1.5114519047410613,-1.5087701255958574,-1.5061019006618572,-1.5034471294310734,-1.5008057123704348,-0.8967267330290922
0.07959442474788037,0.14247457536862584,0.19542114768060492,0.013950626305295755,-0.028219101697973148,-0.0798848410432268,-0.2358432925726064,0.059019390936304816,0.46272716685160176,-0.30761499625031286,-0.21073108745187796,-0.14321341233981366,-0.2113716093888085,-0.21926502061790065,-0.18092836307243254,0.4503412646054197,0.6215145347594282,0.7378615713663275,0.551416616193716,0.5203857723322682,0.48571929250013746,0.44856741376277975,0.408874895073835,0.36658649538694066,-1.3142649055005777,-1.2791002061142727,-1.243475352018249,-1.207388574864701,-1.1708381063058237,-1.1338221779937863,-1.0963390215807918,-1.0583868687190183,-1.019963951060652,-0.9810685002578703,-0.9416987479628767,-0.9018529258278488,-0.861529265504973,-0.8207259986464355,-0.77944135690442,-0.7376735719311176,-0.6954208753787113,-0.6526814988993883,-0.6094536741453339,-0.5657356327687351,-1.4902046798379072,-1.4870932041224498,-1.4839979560085177,-1.4809188114620289,-1.4778556476896096,-1.4748083431233485,-1.4717767774057113,-1.4687608313747476,-1.4657603870493867,-1.4627753276151219,-1.459805537409744,-1.4568509019093234,-1.4539113077145114,-1.4509866425368152,-1.4480767951853104,-1.4451816555533508,-1.4423011146055695,-1.4394350643650429,-1.436583397900641,-1.4337460093145444,-0.866000847705229
0.13204065779574514,0.1997324755835943,0.18870715891436185,-0.017546302936982006,-0.08165573154116856,-0.16389600453769426,0.020000464009472196,0.43039419027248527,0.559156705617526,-0.16269904379792033,-0.10579446107771384,-0.09125292019374875,-0.21401219270444483,-0.17894252005453637,-0.08432966468790948,0.5724866976968765,0.6508690895146938,0.6284560160034847,0.02916610364360528,0.515072041200825,0.49626858233869164,0.4758923740327803,0.45390854034222894,0.43028220532617567,-1.6004383519647618,-1.5422053994034814,-1.483167052380391,-1.42331961758576,-1.3626594017098579,-1.3011827114429453,-1.2388858534753093,-1.1757651344972024,-1.1118168611989026,-1.047037340270671,-0.9814228784027935,-0.9149697822855238,-0.8476743586091394,-0.7795329140639046,-0.710541755340095,-0.6406971891279751,-0.569995522117818,-0.49843306099989304,-0.42600611246446496,-0.35271098320180805,-1.024791467217679,-1.019981744944155,-1.01519694857418,-1.010436886445568,-1.0057013688222096,-1.0009902078702515,-0.9963032176346461,-0.9916402140160537,-0.9870010147480099,-0.9823854393745272,-0.9777933092279327,-0.9732244474070775,-0.9686786787558662,-0.9641558298420354,-0.9596557289363317,-0.9551782059918844,-0.9507230926239464,-0.9462902220899136,-0.9418794292695876,-0.9374905506457923,-0.6387458900699143
0.26554137707591696,0.2494425898927919,0.17459737051187751,-0.12026935662995097,-0.20181058280009445,-0.28418352318068063,0.42563383471123806,0.5406549553051736,0.1946235050903935,-0.3013107456411952,-0.28083713918796727,-0.277812898419765,-0.1470621417178275,-0.01512864119662427,0.15798004819151856,0.7531247168185091,0.7268263682056864,0.5887662840006009,-0.11864764404331651,0.7034826343288971,0.6824760086828034,0.6595504867844826,0.6346625182964012,0.6077685528810215,-1.6376567102217434,-1.5855594542500444,-1.5328173132532363,-1.4794276961237283,-1.4253880117539202,-1.3706956690362302,-1.3153480768630748,-1.2593426441268631,-1.202676779720005,-1.1453478925348999,-1.0873533914639826,-1.0286906853996447,-0.969357183234304,-0.9093502938603759,-0.8486674261702668,-0.7873059890563892,-0.7252633914111517,-0.6625370421269704,-0.5991243500962531,-0.5350227242114105,-1.0681179853024072,-1.064127325228647,-1.060157374164869,-1.0562079728438798,-1.0522789635992411,-1.0483701903454605,-1.0444814985585338,-1.0406127352567074,-1.03676374898152,-1.0329343897791958,-1.0291245091822085,-1.025333960191149,-1.0215625972569427,-1.0178102762631362,-1.0140768545086305,-1.0103621906905484,-1.006666144887361,-1.0029885785423003,-0.999329354446946,-0.9956883367251235,-0.825405643412384
0.20460738775413967,0.1468556968643535,0.07350569226082171,-0.1717246051059419,-0.24782245272575254,-0.308172642891526,0.5374588931831399,0.18324282188682117,-0.2554692104779336,-0.19749494498482256,-0.20921174301271273,-0.23404789123877234,-0.10296352539510623,0.053486642917129235,0.2454469564423427,0.7034562436305558,0.592036695357955,0.4012919696493227,-0.23652595042678215,0.5318111258109492,0.5054938463431125,0.4772397769846386,0.4470048272533833,0.4147449066672009,-1.8619952147080858,-1.8022514504898608,-1.7417512560149424,-1.6804915600472001,-1.6184692913505292,-1.5556813786888153,-1.4921247508259619,-1.427796336525839,-1.3626930645523416,-1.296811863669364,-1.2301496626407842,-1.1627033902305062,-1.094469975202399,-1.0254463463203745,-0.9556294323483021,-0.8850161620500795,-0.8136034641895938,-0.7413882675307334,-0.6683675008373887,-0.5945380928734462,-1.1660172742648658,-1.1630367702713393,-1.160072769043445,-1.1571251390088249,-1.1541937499533332,-1.1512784730038734,-1.1483791806115302,-1.1454957465349331,-1.1426280458238622,-1.139775954803104,-1.13693935105655,-1.1341181134114895,-1.1313121219232227,-1.1285212578597783,-1.1257454036869716,-1.1229844430536056,-1.1202382607768853,-1.11750674282812,-1.1147897763185215,-1.1120872494853171,-0.9166848415765123
0.1650837948654722,0.09000588330431913,0.02440859657744121,-0.2555564124732401,-0.33475725479872487,-0.2798603630490807,0.1970898834921324,-0.23375817385170028,-0.4814163361827376,-0.21625012848796865,-0.24943218879606355,-0.27674721176674744,0.014237902327286278,0.20272820951603676,0.39412341626317815,0.5326121426523878,0.33622084143271835,0.10716694500932955,-0.39671655196455635,0.6168517949339829,0.5852669283618468,0.5517620090516482,0.5163040658708946,0.47886012768709096,-1.6913451982962804,-1.6412772909539857,-1.590573357711401,-1.5392307951881952,-1.4872470000040199,-1.4346193687785431,-1.3813452981314165,-1.3274221846823087,-1.2728474250508706,-1.217618415856771,-1.1617325537196619,-1.105187235259219,-1.047979857095086,-0.9901078158469229,-0.9315685081344063,-0.8723593305771853,-0.8124776797949232,-0.7519209524072757,-0.6906865450339079,-0.6287718542944788,-1.2754456774010126,-1.2719194923356911,-1.268412861982311,-1.264925630176786,-1.2614576423690402,-1.2580087456025546,-1.2545787884943567,-1.2511676212151874,-1.2477750954700308,-1.2444010644789036,-1.2410453829579344,-1.2377079071006953,-1.2343884945599257,-1.2310870044292803,-1.2278032972256525,-1.2245372348715,-1.2212886806775565,-1.2180574993257804,-1.2148435568525013,-1.2116467206318924,-0.9756751121700568
0.089763044467285,0.033332020469192036,-0.015393797595941505,-0.3414489586013314,-0.28849260893223283,0.015243136312335537,-0.21870608178312234,-0.43636984017355673,-0.4077364739020296,-0.23200314729197757,-0.262936653957601,-0.27075405681186027,0.2009604543441934,0.39529578122777376,0.5586724972120976,0.32757599819718686,0.1011173902746847,-0.10528517645596758,-0.35010219698985456,0.6377186537745521,0.6057185208035325,0.5711156745299304,0.5338493000058278,0.4938585822833037,-1.3306825789204262,-1.2871839983079127,-1.2431755034438792,-1.1986552497796559,-1.1536213927665828,-1.1080720878559993,-1.062005490499253,-1.0154197561476674,-0.9683130402526069,-0.9206834982653871,-0.8725292856373614,-0.8238485578198632,-0.7746394702642357,-0.7249001784218173,-0.6746288377439451,-0.6238236036819629,-0.5724826316872051,-0.5206040772110163,-0.46818609570473446,-0.4152268426196971,-1.3039776533426992,-1.3006569882619265,-1.2973543299137464,-1.2940695354921905,-1.290802463659817,-1.2875529745292744,-1.2843209296450444,-1.2811061919655746,-1.277908625845537,-1.274728097018464,-1.2715644725795858,-1.2684176209688802,-1.2652874119545239,-1.2621737166163327,-1.259076407329752,-1.2559953577498,-1.252930442795392,-1.2498815386338884,-1.2468485226658244,-1.2438312735098649,-0.9805967405871114
0.01991343960273939,-0.050976880229540056,-0.13148494420806156,-0.3018391393329365,-0.01835325787575337,0.401210551407134,-0.4391194316087954,-0.40851554403232027,-0.19933916065000212,-0.29128518002900616,-0.27715614104119857,-0.2252355650983865,0.3895913409507057,0.5438071024539068,0.6321835006617944,0.05905129620744476,-0.1499389237325227,-0.302377438715131,-0.31320349438984096,0.5696558093707114,0.5259292092088872,0.47974510080785415,0.43105933655080664,0.3798277688209344,-1.5551696986162624,-1.509541570818548,-1.463298422982478,-1.416437474374082,-1.3689559442593557,-1.3208510519043286,-1.2721200165750044,-1.222760057537404,-1.1727683940575484,-1.1221422454014416,-1.0708788308351043,-1.0189753696245492,-0.9664290810357881,-0.91323718433484,-0.8593968987877205,-0.8049054436604411,-0.7497600382190186,-0.6939579017294678,-0.6374962534578021,-0.5803723126700373,-1.4328494275977686,-1.4294970758092114,-1.4261623208617091,-1.4228450255816796,-1.4195450541884258,-1.4162622722767293,-1.412996546799774,-1.4097477460523262,-1.4065157396540582,-1.403300398533259,-1.4001015949106648,-1.3969192022835686,-1.3937530954102357,-1.3906031502943597,-1.3874692441699612,-1.3843512554863495,-1.3812490638933432,-1.378162550226738,-1.3750915964939558,-1.3720360858598926,-0.9842975637390659
-0.03802365673794483,-0.10284329207280263,-0.18009718209926073,-0.01014566984845533,0.4134471403124902,0.5548606950547086,-0.40022444349781483,-0.20047688896165106,0.003993948543037806,-0.2820482735584069,-0.24156133329797458,-0.1394211260902002,0.5631812184438685,0.6465640216729536,0.6260834586227721,-0.17480527565406134,-0.3200277315104576,-0.38759367119327137,-0.18567724354576776,0.3311936741731454,0.29625673580597445,0.2592420619917697,0.22010447361170749,0.17879879154696066,-1.493454200970048,-1.4489348341119137,-1.403878234613683,-1.3582824529484947,-1.312145539589469,-1.2654655450097603,-1.2182405196824901,-1.170468514080787,-1.1221475786777977,-1.0732757639466515,-1.0238511203604774,-0.9738716983924134,-0.923335548515597,-0.8722407212031584,-0.820585266928233,-0.7683672361639524,-0.7155846793834553,-0.6622356470598718,-0.6083181896663354,-0.5538303576759849,-1.214498718420883,-1.210131914514356,-1.2057882357831529,-1.201467503553759,-1.1971695409547687,-1.1928941728945945,-1.188641226039439,-1.1844105287916045,-1.1802019112681228,-1.176015205279671,-1.1718502443098435,-1.1677068634946555,-1.1635848996024432,-1.159484191013931,-1.1554045777026904,-1.15134590121583,-1.1473080046549529,-1.1432907326574258,-1.1392939313778971,-1.1353174484700497,-0.9564981818231698
-0.09647810172990423,-0.17099820013022682,-0.2603782593635827,0.41832693717468517,0.5527314527982075,0.21609707720550286,-0.18252650194215558,0.021701813976778395,0.11645799555325342,-0.2561867572776183,-0.17098006017000067,-0.023247722143997618,0.6178741072361074,0.6001136506699938,0.45654204977782564,-0.36238171357067106,-0.4185987070071854,-0.38708098340894914,-0.0463473339323931,0.5987471126535366,0.5626746742023976,0.5243579305934853,0.48375712641346325,0.4408325062489973,-1.6155937315807165,-1.561621253453311,-1.507029532909613,-1.4518164329686232,-1.3959798166493422,-1.3395175469707539,-1.282427486951868,-1.2247074996116682,-1.1663554479691634,-1.1073691950433298,-1.0477466038531849,-0.9874855374177037,-0.926583858755905,-0.865039430886763,-0.8028501168292849,-0.7400137796024656,-0.6765282822252987,-0.6123914877167833,-0.5476012590959108,-0.48215545938167714,-1.260405580953558,-1.2562868912707916,-1.2521903833210244,-1.2481158831732837,-1.2440632186704093,-1.2400322194068563,-1.2360227167068742,-1.232034543602962,-1.228067534814636,-1.2241215267275747,-1.220196357372954,-1.2162918664072004,-1.212407895092014,-1.208544286274551,-1.2047008843681457,-1.2008775353330707,-1.1970740866576757,-1.1932903873398353,-1.1895262878686124,-1.18578164020616,-0.9464779768101867
-0.1802932218294755,-0.2754685926952033,-0.35574577576405897,0.5463303433029889,0.23198045465282702,-0.17050316272704769,0.015003820803690004,0.10364494686949821,0.08385151543465108,-0.13820419713702958,0.01611365882026594,0.20686641386814997,0.6091572063476094,0.45545477333141426,0.22370742652579945,-0.4005119972780318,-0.36336350327856737,-0.26142800383789744,0.04930094851646438,0.6360824470802875,0.605395093553611,0.5726237278085271,0.5377299347106923,0.5006752991257615,-1.8976318209648078,-1.8336507905237043,-1.7688992349508088,-1.7033741200013324,-1.6370724114304744,-1.5699910749934296,-1.5021270764454147,-1.4334773815416302,-1.3640389560372785,-1.2938087656875594,-1.2227837762476839,-1.150960953472843,-1.0783372631182557,-1.0049096709391145,-0.9306751426906286,-0.8556306441279934,-0.7797731410064207,-0.7030995990811127,-0.6256069841072703,-0.5472922618400988,-1.1313340041829434,-1.1277363791046362,-1.124158408672085,-1.1205999366570996,-1.1170608084406801,-1.113540870992769,-1.1100399728522619,-1.1065579641073546,-1.1030946963761308,-1.0996500227874682,-1.0962237979622311,-1.0928158779946828,-1.0894261204342979,-1.0860543842676604,-1.0827005299008108,-1.0793644191417096,-1.0760459151830146,-1.0727448825851267,-1.0694611872594264,-1.0661946964518185,-0.9604280774237441
-0.2798907671868909,-0.34729559327487014,-0.2910573156093226,0.2317845385820243,-0.15296789003041766,-0.3755222469006705,0.05224773303605179,0.058721370993777944,0.08730818784591277,-0.03510552513902987,0.1507813887216798,0.339067940655855,0.43747543891856,0.2326913412514866,0.008197784632929084,-0.31039923952467674,-0.21073367192753611,-0.0915913127911373,0.12110899964786137,0.6997830881873581,0.6739961655864266,0.6460817445725875,0.6159927888701089,0.5836822622032567,-1.9797346335465762,-1.9225324811538416,-1.8646904622829288,-1.8062063940611517,-1.7470780936158148,-1.6873033780742133,-1.6268800645636528,-1.565805970211437,-1.5040789121448626,-1.4416967074912421,-1.3786571733778632,-1.3149581269320392,-1.2505973852810741,-1.1855727655522559,-1.1198820848729056,-1.0535231603703115,-0.9864938091717778,-0.9187918484046059,-0.8504150951961028,-0.7813613666735704,-1.1350106837012046,-1.1316809058380874,-1.1283702715901054,-1.1250786246565565,-1.1218058103774342,-1.1185516757125158,-1.115316069220663,-1.1120988410395622,-1.108899842865574,-1.105718927934108,-1.1025559510000957,-1.0994107683188492,-1.0962832376272682,-1.0931732181251084,-1.090080570456794,-1.0870051566933008,-1.0839468403143881,-1.080905486191077,-1.0778809605683786,-1.0748731310482906,-0.9396606710039546
-0.3659642087949184,-0.31993566651912153,-0.012920063541453919,-0.1842417653553836,-0.41245643348787475,-0.3852464475671349,0.07948267677064647,0.10119348374221304,0.19855848415679267,0.1730804128968524,0.3595763823614928,0.5118929608108098,0.2037291843755904,-0.03271648888473411,-0.22887845739130075,-0.23096376547980335,-0.11411235836932598,-0.022412683834199698,0.03762885017351114,0.6877380443699401,0.6575645300215232,0.6250323879613198,0.5900892744207162,0.5526828456311008,-1.9959453767787723,-1.9348716901561533,-1.8731227671873287,-1.8106964052639491,-1.7475904017776491,-1.6838025541200705,-1.6193306596828485,-1.554172515857633,-1.4883259200360683,-1.421788669609779,-1.354558561970416,-1.2866333945096142,-1.2180109646190243,-1.1486890696902723,-1.078665507115009,-1.0079380742848776,-0.9365045685915114,-0.864362787426553,-0.7915105281816429,-0.7179455882484207,-0.9833382729575244,-0.9791312677993326,-0.9749477681969175,-0.9707875863830596,-0.9666505365315031,-0.962536434732479,-0.9584450989685319,-0.9543763490907297,-0.9503300067951919,-0.9463058956000323,-0.9423038408225821,-0.9383236695569357,-0.9343652106519349,-0.9304282946893023,-0.9265127539622868,-0.9226184224544828,-0.9187451358189646,-0.9148927313578225,-0.9110610480018967,-0.9072499262908535,-0.7616631482784588
-0.291746778000082,-0.007316663323286732,0.40287969564702864,-0.3986833455911277,-0.37156532342309456,-0.18449710538009256,0.09284446890748632,0.18629277375996778,0.26246961043904515,0.343727101047683,0.5023541715779625,0.5870722474843595,-0.06620246426018006,-0.2739771248269004,-0.4055642283479195,-0.18276811389372127,-0.0813656261704766,-0.01602025007319474,-0.01581031307060865,0.7074713417066114,0.688697799774515,0.6683159669789929,0.6462948430197049,0.6226034275963046,-2.058492588795973,-1.993145573203234,-1.9270878875611146,-1.8603171480740506,-1.7928309709464538,-1.7246269723827683,-1.655702768587414,-1.5860559757648112,-1.5156842101194041,-1.4445850878556121,-1.3727562251778638,-1.3001952382905873,-1.22689974339821,-1.1528673567051606,-1.0780956944158666,-1.0025823727347567,-0.9263250078662502,-0.8493212160147942,-0.7715686133848028,-0.6930648161807048,-0.8613964890946044,-0.8575727666179651,-0.8537702128151795,-0.8499886579051237,-0.8462279338667666,-0.8424878744168903,-0.8387683149881747,-0.8350690927075652,-0.8313900463749102,-0.8277310164420592,-0.8240918449921119,-0.8204723757190745,-0.8168724539078215,-0.8132919264142316,-0.8097306416457821,-0.8061884495423072,-0.8026652015570559,-0.7991607506380999,-0.7956749512098975,-0.7922076591552104,-0.6419967984724846
0.003366784704348147,0.4036862105406209,0.5261344783414161,-0.34234002254595475,-0.1694112118966037,0.019355042710457848,0.11833626307862088,0.20627263896001224,0.163824681662748,0.5265139293859407,0.5993420336829842,0.5663858620964097,-0.2646656051570231,-0.38699260454844653,-0.42046065367781027,0.004258270460946401,0.07762829082698852,0.1096997035580296,0.04859757452829494,0.7947866221081641,0.7808169351550018,0.7653097030209841,0.7482308587569229,0.7295463354136327,-2.2612001997160203,-2.1913860684265187,-2.120760483840262,-2.0493204476738573,-1.9770629616438873,-1.903985027466957,-1.8300836468596562,-1.7553558215385665,-1.6797985532202855,-1.6034088436214207,-1.52618369445856,-1.4481201074482946,-1.3692150843072133,-1.2894656267519145,-1.2088687364989874,-1.1274214152650306,-1.0451206647666418,-0.9619634867204107,-0.8779468828429229,-0.7930678548507828,-0.729974140485325,-0.726007168346702,-0.7220616943302441,-0.7181375457868588,-0.7142345518589497,-0.7103525434577329,-0.7064913532408614,-0.7026508155904501,-0.6988307665913072,-0.695031044009625,-0.6912514872718503,-0.6874919374439773,-0.6837522372111202,-0.6800322308573128,-0.6763317642457064,-0.6726506847989913,-0.668988841480135,-0.6653460847733665,-0.6617222666654944,-0.6581172406274317,-0.694498283328326
0.3712495562911857,0.5093811148902447,0.20069163084749153,-0.14534641118387126,0.047551030281514084,0.10133556974126967,0.17607235193620063,0.13139913141969362,0.003994480298070258,0.5370584056331409,0.5221773888824175,0.37023380349011936,-0.4149374102979879,-0.41653543303788665,-0.3223302116334055,0.2392451823733892,0.2590916284890914,0.23200015740633972,0.0424480135508043,0.6320654847132943,0.6224430774618563,0.6113936659695065,0.5988793703793462,0.5848623108344797,-2.7912345556315112,-2.697700848448301,-2.6030680847372207,-2.507332078917536,-2.4104886454084946,-2.312533598629363,-2.2134627529993907,-2.1132719229378423,-2.0119569228639755,-1.9095135671970476,-1.8059376703563075,-1.7012250467610208,-1.5953715108304451,-1.4883728769838458,-1.3802249596404634,-1.2709235732195636,-1.1604645321404123,-1.048843650822258,-0.9360567436843672,-0.8220996251459809,-0.4958396391160932,-0.49121350643456463,-0.48661353677790087,-0.4820395163933059,-0.477491233772821,-0.47296847962463784,-0.4684710468448111,-0.46399873048946993,-0.4595513277473361,-0.4551286379127626,-0.4507304623590811,-0.4463566045123837,-0.44200686982575166,-0.4376810657537249,-0.4333790017273075,-0.42910048912922893,-0.4248453412696136,-0.42061337336199567,-0.4164044024996858,-0.41221824763252335,-0.37470902998105626
0.5287692541851352,0.23283549175129892,-0.14978537430550387,-0.007440476921604322,0.06954632080225087,0.057632192347444544,0.1785480092675218,0.055818208905412,-0.025501607754285893,0.5311553348391373,0.38951729801694257,0.1723406007348205,-0.40978553546569174,-0.3516954273974384,-0.22536060173240058,0.11998833692921496,0.08896756234476699,0.03455356135672916,-0.10400871202217465,0.688972501574431,0.6752270647651832,0.6599800365483219,0.6431973155332305,0.6248448003292881,-2.7198101291290504,-2.6365870293326745,-2.552432386450176,-2.467343105221185,-2.3813160903853627,-2.2943482466823406,-2.2064364788517703,-2.1175776916333,-2.0277687897665824,-1.9370066779912563,-1.8452882610469663,-1.7526104436733592,-1.65897013061009,-1.5643642265968025,-1.4687896363731447,-1.3722432646787532,-1.2747220162532824,-1.1762227958363867,-1.076742508167695,-0.9762780579868616,-0.530905896415499,-0.5262415086340536,-0.521603928894083,-0.5169929379261109,-0.5124083187652311,-0.5078498567216309,-0.5033173393515307,-0.498810556428656,-0.49432929991599384,-0.4898733639380868,-0.48544254475369764,-0.4810366407288379,-0.4766554523103326,-0.47229878199955944,-0.4679664343268084,-0.46365821582585465,-0.4593739350089683,-0.45511340234229114,-0.45087643022156154,-0.4466628329482104,-0.8250352867589267
0.24813837475246148,-0.14299135318910017,-0.3791159678668564,0.08247829621604508,0.07532099343243215,0.07409283471482175,0.04594801664509918,-0.0291987977616871,-0.029049872023308,0.3902741073097342,0.17437572439393567,-0.05844763665696462,-0.37339437744971904,-0.2540290455698304,-0.10874808367884847,0.0851198851549464,0.040912373987661566,-0.007696278523578459,-0.05398271854235315,0.6902434290182444,0.6665757303314872,0.6410983982612217,0.6137788589920632,0.5845845387086279,-2.198947593645151,-2.122320004088096,-2.044768872472475,-1.9662905756721103,-1.8868814905608398,-1.8065379940124928,-1.7252564629008913,-1.6430332740998734,-1.55986480448326,-1.4757474309248901,-1.3906775302985932,-1.3046514794781907,-1.2176656553375207,-1.1297164347504134,-1.0408001945906984,-0.9509133117321971,-0.8600521630487432,-0.7682131254141731,-0.6753925757023129,-0.581586890786989,-0.7194661943227472,-0.7153814979235544,-0.7113199117599778,-0.7072812464457261,-0.7032653145876029,-0.69927193075998,-0.6953009114797175,-0.6913520751813697,-0.6874252421928055,-0.6835202347112054,-0.6796368767793747,-0.6757749942624474,-0.6719344148249318,-0.6681149679080629,-0.6643164847075422,-0.6605387981515589,-0.6567817428791497,-0.6530451552188965,-0.6493288731678863,-0.6456327363710623,-0.9364783471668402
-0.18125855030072613,-0.3871267500649864,-0.3430269465773722,0.0459411426936529,0.015410884152108562,0.0987029146574685,-0.04982581291720767,-0.04248830117416735,0.0011234488123785802,0.17316047925891365,-0.060427372809810365,-0.2555991055331499,-0.20619752885560205,-0.04872491810522228,0.07922152778237845,0.07292853895503759,0.009245344738825656,-0.046437665107212145,-0.08216811429259341,0.6463229588264985,0.6121081757157532,0.575610752006831,0.5367887522355201,0.49560024093760835,-1.8901496433865863,-1.823011189839912,-1.7551555995442185,-1.6865805935291944,-1.6172838928245286,-1.5472632184599013,-1.4765162914650183,-1.4050408328695516,-1.332834563703207,-1.2598952049956647,-1.1862204777766137,-1.111808103075751,-1.0366558019227572,-0.9607612953473296,-0.88412230437916,-0.8067365500479284,-0.7286017533833277,-0.6497156354150508,-0.570075917172784,-0.48968031968621906,-0.8694052117013553,-0.8656974474826684,-0.8620103977057498,-0.8583438957890923,-0.854697776881398,-0.8510718778396519,-0.8474660372074917,-0.8438800951939638,-0.8403138936524874,-0.8367672760602662,-0.8332400874978786,-0.8297321746292277,-0.8262433856818437,-0.8227735704273236,-0.8193225801622448,-0.8158902676891829,-0.8124764872981282,-0.8090810947481356,-0.8057039472492019,-0.8023449034445033,-0.9200180514576278
-0.38885228819495066,-0.3716391742727534,-0.1853496849174039,0.06406019818109066,0.13853068826064607,0.21668481160608777,-0.01831617282584319,0.017305576432356196,0.03246760294895146,-0.048299992663434654,-0.2508353290648253,-0.3769075385845635,-0.06876260945202284,0.05134217328566648,0.11750157989077548,-0.034488925751336774,-0.07201116145430864,-0.08122001603784901,0.04385828441455941,0.5083744742692564,0.468867668032634,0.427113930565856,0.38307498091805225,0.3367125381383511,-2.0743138333129902,-2.0091670253294023,-1.9432810865625396,-1.8766535029946712,-1.8092817606080833,-1.7411633453850452,-1.672295743307843,-1.6026764403587541,-1.5323029225200477,-1.4611726757740022,-1.3892831861029034,-1.3166319394890287,-1.2432164219146478,-1.1690341193620462,-1.0940825178134939,-1.0183591032512682,-0.941861361657655,-0.8645867790149239,-0.7865328413053576,-0.707697034511233,-0.9808681723398934,-0.976495122067498,-0.9721463788922325,-0.9678217480929923,-0.9635210369656477,-0.9592440547974677,-0.9549906128420558,-0.9507605242945237,-0.9465536042671248,-0.9423696697652155,-0.9382085396635589,-0.9340700346829849,-0.9299539773674468,-0.9258601920613078,-0.9217885048870815,-0.9177387437233926,-0.913710738183312,-0.9097043195930141,-0.9057193209707198,-0.9017555770059611,-0.9383438473472177
-0.38351470701501167,-0.18564157667216774,0.020178644110222743,0.16277003634275666,0.23802940093551683,0.19136284049802788,-0.014076274099862673,-0.004519816025935985,-0.032376636678186244,-0.26267691531438164,-0.3911657151203357,-0.42819605293660157,0.01437282058752909,0.0841186372863525,0.09841754991592877,-0.01773834225784432,-0.005920480704377895,0.034696376433733356,0.22644723301609226,0.4501967252262229,0.4068722604297803,0.36110147962377415,0.3128437894617937,0.2620585965974298,-1.975185255033732,-1.9093175578564185,-1.8427521060327852,-1.7754866964707459,-1.7075191260782228,-1.6388471917631555,-1.569468690433458,-1.4993814189970602,-1.4285831743618937,-1.3570717534358718,-1.2848449531269344,-1.2119005703430028,-1.1382364019920004,-1.0638502449818572,-0.9887398962204956,-0.9129031526158493,-0.8363378110758386,-0.7590416685083893,-0.6810125218214302,-0.6022481679228848,-0.9619194143294891,-0.9583105403242039,-0.9547221831453557,-0.9511541762705539,-0.9476063549182583,-0.9440785560255905,-0.9405706182265184,-0.9370823818303298,-0.9336136888004125,-0.9301643827333843,-0.9267343088385384,-0.9233233139175301,-0.9199312463444919,-0.9165579560462398,-0.9132032944830185,-0.9098671146293043,-0.9065492709550488,-0.9032496194070874,-0.8999680173909147,-0.8967043237526453,-0.8991271928200191
-0.14837316930953137,0.037241016384982784,0.09693806970569652,0.16895929362903805,0.1294222016081077,0.01945018533464271,0.02654189328474854,0.01465624367667373,-0.02601492621363899,-0.3718588599199881,-0.38503141057600443,-0.30457259906490464,0.19269798782566783,0.1846707984015199,0.12492341890559722,-0.1206570748586634,-0.10126378477964759,-0.04525662977242728,0.18680709741667223,0.5601872176136049,0.5118516392334123,0.46069872258517774,0.40668099053053486,0.3497509659311204,-1.906530037578916,-1.8497056043683309,-1.7922491935617053,-1.7341587079823253,-1.6754320504534335,-1.6160671237982898,-1.556061830840164,-1.495414074402315,-1.4341217573080032,-1.3721827823804893,-1.3095950524430329,-1.2463564703188856,-1.1824649388313246,-1.1179183608036014,-1.0527146390589766,-0.9868516764207181,-0.9203273757120755,-0.8531396397563171,-0.7852863713767017,-0.7167654733964881,-1.0739106574532666,-1.0701581949283032,-1.0664267016370055,-1.0627160079241327,-1.0590259459041298,-1.0553563494386033,-1.0517070541141413,-1.0480778972205351,-1.0444687177291656,-1.0408793562719043,-1.0373096551201604,-1.033759458164328,-1.030228610893575,-1.0267169603757755,-1.0232243552379217,-1.0197506456466954,-1.0162956832893508,-1.0128593213549446,-1.0094414145157147,-1.0060418189088807,-0.9161430235094173
0.0025270570824518224,0.08874838649301187,0.07180868889330827,0.19748064768959317,0.084606957715337,-0.002311373569985564,-0.03748029730330937,-0.08015294458690414,-0.07861884374985673,-0.38837213531182235,-0.3338322540080352,-0.21066750550275215,0.08615746805605928,0.03524361162237977,-0.031156937894272763,-0.06788917904264502,0.009535655672577414,0.10284200897689755,0.332293545962671,0.37749840645693,0.3153772567527924,0.250160651600023,0.18179822326649142,0.11023960402006683,-1.4229442990325816,-1.3699894032874202,-1.3164950366282995,-1.2624595258588704,-1.207881197782758,-1.15275837920363,-1.097089396925104,-1.0408725777508476,-0.9841062484844857,-0.9267887359296784,-0.8689183668900652,-0.8104934681692867,-0.751512366570988,-0.6919733888988142,-0.63187486195641,-0.5712151125474171,-0.5099924674754829,-0.4482052535442471,-0.38585179755735943,-0.3229304263184626,-1.2331541168608449,-1.228841626634924,-1.2245521352314725,-1.2202854638079648,-1.216041435334457,-1.2118198745710824,-1.2076206080458123,-1.2034434640325733,-1.1992882725296203,-1.1951548652383315,-1.191043075542229,-1.1869527384863086,-1.182883690756751,-1.1788357706608064,-1.174808818107069,-1.1708026745860027,-1.1668171831506906,-1.1628521883979959,-1.1589075364498362,-1.1549830749348347,-0.9273085907654997
0.0769580573156261,0.059951214484381454,0.0565069458733245,0.03859055453875415,-0.028256116248442265,-0.01820170036714741,-0.06076599751625844,-0.09778241002670551,-0.05401316096174369,-0.30295571145476585,-0.15815892687218291,0.0004022715363418694,0.08521699981908637,-0.01161061248724271,-0.10577706518488894,-0.07772755271394705,0.031402669089284796,0.14776260692838417,0.3390703257787244,0.4998632392723865,0.427386934391045,0.3511281972972913,0.27102738396424764,0.1870248503650387,-1.3587406538016535,-1.3095649497666821,-1.2598552124694242,-1.2096095904321786,-1.1588262321772347,-1.107503286226891,-1.0556389011034455,-1.0032312253291795,-0.9502784074263999,-0.8967785959173997,-0.8427299393244716,-0.788130586169909,-0.732978684976008,-0.6772723842650636,-0.6210098325593705,-0.5641891783812234,-0.5068085702529157,-0.4488661566967439,-0.39036008623500107,-0.33128850738998383,-1.3867588780251865,-1.382851559454754,-1.3789646722771902,-1.3750980573942804,-1.3712515573219932,-1.367425016170343,-1.363618279623654,-1.359831194920983,-1.356063610836908,-1.3523153776626122,-1.3485863471871424,-1.3448763726790403,-1.341185308868266,-1.3375130119282084,-1.3338593394581875,-1.3302241504660328,-1.3266073053509806,-1.3230086658868285,-1.3194280952053157,-1.315865457779715,-0.9205804448943592
0.03575121545075666,0.009863710013466198,0.08753448983060474,-0.03531715081436104,-0.0239107327654956,0.01749759943729523,-0.11303870682704142,-0.07198711017195547,0.07410592036830077,-0.14186926566375524,0.008317517768324345,0.11599433046961094,-0.06304470483315161,-0.15308292002726498,-0.21102836308531647,0.010670655199050305,0.12121117417608174,0.21369639576860244,0.22935564479771342,0.5899371630400103,0.5394986653027387,0.48594083752121775,0.4292078234461829,0.36924376682837123,-1.4582887857710034,-1.4046070673254745,-1.3503835647714575,-1.29561660489015,-1.2403045144627087,-1.1844456202703315,-1.1280382490941832,-1.0710807277154526,-1.0135713829153132,-0.9555085414749547,-0.8968905301755439,-0.8377156757982662,-0.7779823051242989,-0.7176887449348248,-0.6568333220110201,-0.5954143631340637,-0.5334301950851383,-0.47087914464542135,-0.4077595385960895,-0.34406970371832846,-1.0650682700711966,-1.0609544707038023,-1.0568627245044446,-1.0527928586548905,-1.0487447020985818,-1.0447180855185987,-1.040712841316009,-1.0367288035884379,-1.0327658081090403,-1.0288236923057352,-1.0249022952407671,-1.021001457590517,-1.0171210216257205,-1.0132608311918176,-1.00942073168972,-1.0056005700568051,-1.0018001947481432,-0.9980194557180762,-0.994258204402013,-0.9905162936984967,-0.8693340575863445
0.08795076858008177,0.16704792467436436,0.2312372798544109,-0.014503162221913724,0.019099459357191373,0.029639847687591203,-0.08865092962200316,0.05389853586287341,0.229545923257938,-0.05421147351207223,0.050744950016790025,0.09884796661889927,-0.14434001871399638,-0.19131939603548376,-0.19347397571614766,0.17616016644686372,0.27147948197333016,0.3276120184928111,0.17609250797370501,0.4426237628194569,0.3808376963974067,0.3158271653250506,0.24753758271258208,0.17591436167019436,-1.905655094460991,-1.8453200508642569,-1.7843775266042599,-1.7228257378422223,-1.660662900739362,-1.5978872314569128,-1.5344969461560898,-1.4704902609981267,-1.4058653921442321,-1.3406205557556388,-1.2747539679935633,-1.2082638450192387,-1.1411484029938823,-1.073405858078727,-1.0050344264349889,-0.9360323242238846,-0.8663977676066441,-0.7961289727444942,-0.7252241557986537,-0.6536815329303475,-1.1616759875881104,-1.157715812412793,-1.153778063137322,-1.1498625576796477,-1.1459691158617304,-1.1420975593852436,-1.1382477118077032,-1.134419398518918,-1.1306124467177947,-1.1268266853895237,-1.1230619452830368,-1.1193180588888305,-1.1155948604171997,-1.111892185776595,-1.1082098725525567,-1.1045477599867164,-1.1009056889562516,-1.0972835019536131,-1.0936810430665116,-1.0900981579582454,-0.8891138462635815
0.10606013305274198,0.19149103808699364,0.15162026093166836,0.006758640505564406,0.004401402618663175,-0.04709091243464647,0.0603398312803789,0.24782683655446158,0.2859706593500928,0.0954315732238491,0.13691124404310528,0.10496258367783584,-0.2184914944926094,-0.22115522126641074,-0.17107928905838565,0.23556752405993509,0.2884756571028382,0.28529483721988025,0.004335120105239509,0.5059733886352222,0.45360523997868185,0.3986469218929025,0.34106495297074213,0.28082585180505704,-1.8828942266045379,-1.818582315123829,-1.7535333815629732,-1.6877447924790938,-1.621213914429315,-1.5539381139707336,-1.4859147576604905,-1.417141212055692,-1.3476148437134619,-1.2773330191909147,-1.206293105045166,-1.134492467833347,-1.0619284741125645,-0.9885984904399422,-0.9144998833725936,-0.8396300194676442,-0.7639862652822056,-0.6875659873734,-0.6103665522983446,-0.5323853266141556,-1.0626110792034098,-1.0579584336344487,-1.0533310850827713,-1.048728833702563,-1.0441514816973239,-1.0395988332941204,-1.035070694718279,-1.0305668741684018,-1.0260871817917034,-1.021631429659833,-1.017199431744955,-1.0127910038961705,-1.0084059638164184,-1.0040441310394925,-0.9997053269076416,-0.995389374549284,-0.9910960988571541,-0.9868253264667781,-0.982576885735171,-0.9783506067199389,-0.7465882607914378
0.2199022602402001,0.1705356405798062,0.05669745808651072,0.016993320061802875,-0.03574383066790887,-0.10720324302316941,0.2409349822106055,0.2719030958027884,0.06078937486091407,0.10609036009434258,0.08128262553263399,0.010697555225942512,-0.1882720506208141,-0.13241823870199687,-0.036060544660467264,0.33892606944952997,0.330388987621677,0.2587793302475674,-0.09457278436958705,0.32984021383260154,0.28025713669089436,0.22865424159723258,0.17501647030632506,0.11932876457288111,-2.021715508793447,-1.955052836889008,-1.8875582089136678,-1.8192282000258333,-1.7500593853839659,-1.6800483401464814,-1.6091916394718218,-1.5374858585184124,-1.4649275724446873,-1.3915133564090887,-1.3172397855700506,-1.2421034350859974,-1.1661008801153638,-1.0892286958165915,-1.0114834573481064,-0.9328617398683503,-0.8533601185357416,-0.7729751685087288,-0.6917034649457379,-0.6095415830052078,-1.0595192170167502,-1.0552701130729942,-1.0510436459041965,-1.0468396372375282,-1.0426579106240632,-1.0384982914159402,-1.0343606067438635,-1.0302446854948792,-1.0261503582905025,-1.0220774574652118,-1.0180258170451753,-1.013995272727371,-1.009985661858963,-1.005996823416971,-1.0020285979882866,-0.9980808277499391,-0.9941533564496275,-0.990246029386593,-0.986358693392722,-0.9824911968139386,-0.7047311004942205
0.12873613375288384,0.04627816844234833,-0.012264612136727582,0.00110047911922595,-0.06971169628889706,-0.10696077296243678,0.2688709606562789,0.05369971552554942,-0.17218434507118052,0.19578092215441467,0.09656675130189463,-0.0263757322427004,-0.20870674716814042,-0.11991686473180507,0.0026087451629539515,0.3293037135928494,0.2729708754176283,0.1725012492861484,-0.13846660741069172,0.37011632153754137,0.3226806806920708,0.27386807739438646,0.22369399431809955,0.17217391413681793,-1.7603613648474816,-1.7100608557111323,-1.659280607437315,-1.6080193734828931,-1.5562759073047476,-1.5040489623597488,-1.4513372921047694,-1.398139649996681,-1.3444547894923549,-1.290281464048663,-1.2356184271224941,-1.1804644321706945,-1.124818232650153,-1.068678582017741,-1.0120442337303304,-0.9549139412447928,-0.8972864580179949,-0.839160537506817,-0.7805349331681297,-0.7214083984588032,-1.0204736914676313,-1.0163739683704256,-1.0122972082483292,-1.0082432263929977,-1.0042118400148972,-1.000202868218973,-0.9962161319806881,-0.9922514541224365,-0.9883086592902366,-0.984387573930847,-0.9804880262691843,-0.9766098462860716,-0.9727528656963566,-0.9689169179272642,-0.9651018380971758,-0.9613074629946333,-0.9575336310576914,-0.9537801823535498,-0.9500469585585194,-0.9463338029382176,-0.8442389650863411
0.057449546308315336,-0.019785922374242038,-0.018735992218200215,-0.09811536352007699,-0.13437751845592072,-0.0950155460836628,0.056541407722159986,-0.1659916904407983,-0.22393160117744482,0.045346680007942286,-0.058683577340102766,-0.15235910599124602,-0.06428568333340667,0.058561386130153714,0.18010465262414233,0.23935697814681234,0.1210428410677944,-0.006873418157095523,-0.22722384459481382,0.4186920895587378,0.36987279622690616,0.3195244755205131,0.26765819129017876,0.21428500738652567,-1.7051572023249717,-1.6535011143872085,-1.6013306865705437,-1.5486444631616265,-1.4954409884470814,-1.4417188067135318,-1.3874764622476192,-1.3327124993359767,-1.2774254622652277,-1.2216138953220053,-1.16527634279295,-1.108411348964678,-1.051017458123839,-0.9930932145570566,-0.9346371625509637,-0.8756478463921837,-0.8161238103673593,-0.7560635987631196,-0.6954657558660946,-0.6343288259629164,-1.1571444694429416,-1.1531428031907502,-1.149162976591322,-1.1452048163892157,-1.1412681511110783,-1.1373528110431421,-1.1334586282092163,-1.1295854363488622,-1.1257330708959652,-1.1219013689575983,-1.1180901692932221,-1.1142993122941134,-1.1105286399632488,-1.1067779958952724,-1.1030472252569659,-1.0993361747678496,-1.0956446926811443,-1.0919726287649656,-1.0883198342838387,-1.08468616198043,-0.924853263322209
